	CM009	CM021	CM025	CM039	CM086	CM110	CM118	CM176	CM179	CM181	CM182	CM183	CM184	CM198	CM199	CM213	CM219	CM222	CM229	CM230	CM246	CM253	CM257	CM259	CM260	CM261	CM262	CM271	CM293	CM362	CM372	CM383	CM436	CM437	CM438	CM439	CM441	CM443	CM444	CM452	CM469	CM471	CM535	CM538	CM540	CM557
CM009	0.0	0.2329119616268612	0.2456280603577496	0.379434395922854	0.3394623763365644	0.4836114719696213	0.5121415009493354	0.29941540921355053	0.31008294194064157	0.2839262516238633	0.32499750174877584	0.31005795942840014	0.30088937743579497	0.36784251024283005	0.3710652543219746	0.35392725092435295	0.33466573398620963	0.3463575497151994	0.35917357849505344	0.3814329969021685	0.305586089737184	0.34330968322174477	0.2701359048665934	0.28677425801938644	0.2687119016688318	0.3418606975117418	0.32337363845308287	0.3292195463175777	0.3458828819826122	0.6764514839612271	0.2804786649345458	0.42710102927950433	0.29839112621165187	0.2842510242830019	0.2674627760567603	0.28517537723593483	0.2609673228739882	0.2658888777855501	0.2793544518836814	0.2626661337064055	0.2981912661137204	0.3208504047166983	0.32579694214050164	0.3763365644049166	0.3788098331168182	0.30663535525132407
CM021	0.2329119616268612	0.0	0.15339262516238633	0.3973218746877186	0.28002897971420004	0.4814629759168582	0.5092435295293295	0.25914359948036375	0.2482262416308584	0.24625262316378535	0.2660887378834816	0.23521035275307284	0.23268711901668832	0.30331268112321375	0.3040121914659738	0.3476816228639952	0.30491156190666535	0.2812281403017887	0.3296192665134406	0.3255221345058459	0.2840761466973119	0.2843259718197262	0.2639152593184771	0.2794044169081643	0.25729489357449786	0.2639402418307185	0.27091036274607777	0.2812531228140302	0.26411511941640853	0.6582142500249825	0.2254172079544319	0.40249325472169484	0.3527780553612471	0.3280953332667133	0.29269511342060556	0.3277455780953333	0.21957130008993705	0.26583891276106725	0.229539322474268	0.22176976116718297	0.27503247726591384	0.33766363545518135	0.3085590086939143	0.3867542720095933	0.40566603377635657	0.2540971320075947
CM025	0.2456280603577496	0.15339262516238633	0.0	0.410387728589987	0.318976716298591	0.5063455581093235	0.5154891575896872	0.2566703307684621	0.27133506545418207	0.261591885680024	0.26424003197761564	0.24115619066653343	0.2504996502448286	0.3315679024682722	0.3335914859598281	0.3421105226341561	0.3040121914659738	0.2934445887878485	0.3198011392025582	0.3242230438692915	0.29556810232837016	0.29286999100629557	0.26491455980813433	0.2765064454881583	0.2571949635255321	0.2776306585390227	0.267737583691416	0.26473968222244426	0.2799540321774758	0.6317327870490657	0.24542820025981812	0.429399420405716	0.33688917757569703	0.3079594284001199	0.2860247826521435	0.32040071949635257	0.21827220945338263	0.2567702608174278	0.22514240031977617	0.21372539222544218	0.24930048965723994	0.3197761566903168	0.28552513240731486	0.3669681223143799	0.3791845708004397	0.2690866393524533
CM039	0.379434395922854	0.3973218746877186	0.410387728589987	0.0	0.3841810732487259	0.47764065154391927	0.5068202258419107	0.4734685719996003	0.4534575796942141	0.43886779254521835	0.4465624063155791	0.43746877185969824	0.436644348955731	0.44211551913660435	0.4297991406015789	0.329294493854302	0.39937044069151595	0.3835065454182073	0.41073748376136704	0.3630708504047167	0.39499850104926554	0.4356950134905566	0.4494104127111022	0.4854102128510043	0.46714799640251825	0.4284251024283002	0.44161586889177573	0.4809633256720296	0.41011292095533125	0.7285400219846108	0.44041670830418705	0.439542320375737	0.457279904067153	0.4462875986809234	0.4161337064055161	0.45063455581093237	0.42855001498950734	0.4534076146697312	0.44458878784850603	0.4142850004996502	0.4109873088837814	0.3731388028380134	0.38390626561407015	0.31925152393324674	0.3491306085739982	0.35080443689417407
CM086	0.3394623763365644	0.28002897971420004	0.318976716298591	0.3841810732487259	0.0	0.3779104626761267	0.4147596682322374	0.2443539522334366	0.22381832717098032	0.2281652843009893	0.2654891575896872	0.22716598381133207	0.22916458479064655	0.27300889377435794	0.26396522434295994	0.27960427700609575	0.2450034975517138	0.26211651843709405	0.3079344458878785	0.2645897871489957	0.25194863595483163	0.30041470970320777	0.24010692515239332	0.25634555810932347	0.23221245128410112	0.2779554311981613	0.2992405316278605	0.35512641151194163	0.26758768861796745	0.658763865294294	0.23256220645548117	0.364419906065754	0.3392125512141501	0.32782052563205755	0.30563605476166683	0.30848406115718996	0.26836214649745177	0.2634655740981313	0.2959428400119916	0.2882232437293894	0.34500849405416206	0.3656690316778255	0.3706655341261117	0.3916008793844309	0.4119116618367143	0.17347856500449685
CM110	0.4836114719696213	0.4814629759168582	0.5063455581093235	0.47764065154391927	0.3779104626761267	0.0	0.1654591785749975	0.4745678025382232	0.46557409813130807	0.4135105426201659	0.42607674627760567	0.421804736684321	0.4256770260817428	0.46367542720095933	0.4270760467672629	0.40581592884980516	0.5039222544219046	0.49415409213550515	0.5593084840611572	0.4921804736684321	0.4245777955431198	0.5311032277405816	0.41171180173878286	0.45078445088438096	0.43242230438692913	0.5301039272509244	0.5224842610172878	0.5511142200459678	0.5105176376536424	0.7099780153892276	0.44029179574297994	0.39140101928649945	0.4520335764964525	0.4509843109823124	0.42527730588587986	0.4367692615169381	0.4287748575996802	0.4223793344658739	0.4434395922854002	0.43746877185969824	0.5120165883881284	0.532052563205756	0.5687268911761767	0.5886629359448387	0.6037024083141801	0.4270510642550215
CM118	0.5121415009493354	0.5092435295293295	0.5154891575896872	0.5068202258419107	0.4147596682322374	0.1654591785749975	0.0	0.49255521135205355	0.4870090936344559	0.43821824722694114	0.44766163685420207	0.4434895573098831	0.4567302887978415	0.4844358948735885	0.44996002798041373	0.44686219646247627	0.5263065853902268	0.5173128809833116	0.5839662236434496	0.5129659238533026	0.4512841011292096	0.552862995902868	0.4373938243229739	0.4602028579994004	0.45450684520835416	0.5534126111721794	0.548516038772859	0.5619816128709904	0.5375237333866294	0.711801738782852	0.4672729089637254	0.40746477465773956	0.4814629759168582	0.47024582792045566	0.47659138602977913	0.46804736684320974	0.4510092934945538	0.4292495253322674	0.46464974517837515	0.4468122314379934	0.5359998001399021	0.5560857399820126	0.593209753172779	0.6108474068152293	0.629609273508544	0.46724792645148394
CM176	0.29941540921355053	0.25914359948036375	0.2566703307684621	0.4734685719996003	0.2443539522334366	0.4745678025382232	0.49255521135205355	0.0	0.10292795043469571	0.17422804037173978	0.1936644348955731	0.16333566503447586	0.17370340761466974	0.2447786549415409	0.24268012391326071	0.2951184171080244	0.2257419806135705	0.24642750074947536	0.2665384231038273	0.29396922154491856	0.22112021584890576	0.23498551014289998	0.19104127111022284	0.19306485460177875	0.17350354751673827	0.23655940841411013	0.2230688518037374	0.24900069951034276	0.2637653642450285	0.6416508444089137	0.23418606975117418	0.4273008893774358	0.2823023883281703	0.27942939942040573	0.27535724992505245	0.28942240431697813	0.22326871190166883	0.2414559808134306	0.24307984410912362	0.2445288298191266	0.30036474467872487	0.3127810532627161	0.31797741580893374	0.39529829119616267	0.39324972519236534	0.2865993804336964
CM179	0.31008294194064157	0.2482262416308584	0.27133506545418207	0.4534575796942141	0.22381832717098032	0.46557409813130807	0.4870090936344559	0.10292795043469571	0.0	0.19506345558109323	0.21642350354751674	0.1778754871589887	0.17522734086139702	0.2354851603877286	0.22878984710702507	0.30518636954132106	0.24520335764964524	0.24387928450084942	0.27188468072349353	0.2683121814729689	0.2329869091635855	0.22998900769461378	0.21052763065853902	0.21904666733286698	0.1930898371140202	0.2147746577395823	0.21794743679424403	0.2582192465274308	0.2331368042370341	0.6344059158588987	0.2211451983611472	0.4112621165184371	0.3093084840611572	0.2985909863095833	0.2947936444488858	0.30953332667133004	0.2486259618267213	0.26366543419606275	0.2539472369341461	0.27053562506245626	0.2932197461776756	0.32956930148895774	0.31630358748875786	0.37688617967422805	0.399720195862896	0.2679874088138303
CM181	0.2839262516238633	0.24625262316378535	0.261591885680024	0.43886779254521835	0.2281652843009893	0.4135105426201659	0.43821824722694114	0.17422804037173978	0.19506345558109323	0.0	0.12243929249525333	0.09688218247226942	0.13802838013390625	0.2544219046667333	0.23730888378135306	0.2628160287798541	0.20817927450784451	0.22166983111821725	0.26818726891176176	0.28335165384231037	0.1958379134605776	0.21677325871889677	0.13493054861596881	0.13665434196062756	0.12263915259318477	0.23318676926151694	0.20770460677525732	0.22951433996202658	0.2785799940041971	0.6411761766763265	0.22609173578495054	0.3860047966423504	0.24320475667033076	0.2408064354951534	0.23426101728789847	0.23558509043669432	0.16840711501948635	0.17103027880483662	0.2071300089937044	0.20917857499750175	0.2877735585090437	0.305935844908564	0.3053112821025282	0.38582991905666036	0.3759618267212951	0.27083541520935345
CM182	0.32499750174877584	0.2660887378834816	0.26424003197761564	0.4465624063155791	0.2654891575896872	0.42607674627760567	0.44766163685420207	0.1936644348955731	0.21642350354751674	0.12243929249525333	0.0	0.12783551513940242	0.1449735185370241	0.29589287498750877	0.2761067252922954	0.2590686519436394	0.23466073748376137	0.25214849605276307	0.26753772359348454	0.31018287198960726	0.22656640351753773	0.2578195263315679	0.14397421804736685	0.16051264115119415	0.15718996702308385	0.263565504147097	0.24120615569101628	0.24665234335964825	0.30563605476166683	0.6446237633656441	0.25682022584191067	0.4134855601079245	0.25587089037673627	0.24597781552912962	0.23388627960427702	0.2520985310282802	0.16201159188568	0.19458878784850606	0.22958928749875088	0.2181722794044169	0.31033276706305585	0.2922953932247427	0.33031877685620065	0.4008444089137604	0.38720395722993906	0.2904466873188768
CM183	0.31005795942840014	0.23521035275307284	0.24115619066653343	0.43746877185969824	0.22716598381133207	0.421804736684321	0.4434895573098831	0.16333566503447586	0.1778754871589887	0.09688218247226942	0.12783551513940242	0.0	0.10612571200159888	0.24223043869291497	0.2257419806135705	0.2634405915858899	0.21482462276406517	0.2194713700409713	0.280428699910063	0.29084640751473967	0.20578095333266713	0.21449985010492656	0.13762865993804338	0.14849605276306585	0.12466273608474068	0.2208953732387329	0.199860097931448	0.23416108723893275	0.2756070750474668	0.6400019986009793	0.2149495353252723	0.39252523233736386	0.2676376536424503	0.248376136704307	0.24722694114120117	0.24647746577395824	0.16348556010792445	0.1801239132607175	0.19071649845108424	0.1905166383531528	0.2769061656840212	0.3042370340761467	0.29599280503647446	0.3760617567702608	0.3770110922354352	0.2663635455181373
CM184	0.30088937743579497	0.23268711901668832	0.2504996502448286	0.436644348955731	0.22916458479064655	0.4256770260817428	0.4567302887978415	0.17370340761466974	0.17522734086139702	0.13802838013390625	0.1449735185370241	0.10612571200159888	0.0	0.25527131008294196	0.24377935445188367	0.26483961227141	0.23878285200359747	0.225017487758569	0.2698361147196962	0.27942939942040573	0.19313980213850304	0.21464974517837515	0.13168282202458279	0.15993804336964126	0.13113320675527132	0.20515639052663137	0.19408913760367744	0.22379334465873887	0.2524732687119017	0.6372789047666634	0.19756170680523633	0.3818327170980314	0.27188468072349353	0.24542820025981812	0.23031378035375238	0.25769461377036074	0.1695812930948336	0.19678724892575197	0.16635854901568903	0.1703807334865594	0.2519986009793145	0.2963425602078545	0.28832317377835515	0.35207854501848707	0.36264614769661235	0.2579944039172579
CM198	0.36784251024283005	0.30331268112321375	0.3315679024682722	0.44211551913660435	0.27300889377435794	0.46367542720095933	0.4844358948735885	0.2447786549415409	0.2354851603877286	0.2544219046667333	0.29589287498750877	0.24223043869291497	0.25527131008294196	0.0	0.11382032577195964	0.37591186169681223	0.2957679624263016	0.3006145698011392	0.35030478664934545	0.3252473268711902	0.32287398820825425	0.2665134405915859	0.2840511641850704	0.2787049065654042	0.258868791845708	0.2629409413410613	0.2607174977515739	0.29806635355251326	0.27485759968022383	0.6485210352753072	0.28260217847506747	0.3984710702508244	0.3670180873388628	0.36262116518437093	0.36909163585490157	0.3708154291995603	0.30453682422304384	0.31940141900669533	0.29774158089337466	0.32264914559808133	0.3423103827320875	0.3799340461676826	0.3479314479864095	0.41500949335465176	0.4358449085640052	0.31393024882582193
CM199	0.3710652543219746	0.3040121914659738	0.3335914859598281	0.4297991406015789	0.26396522434295994	0.4270760467672629	0.44996002798041373	0.24268012391326071	0.22878984710702507	0.23730888378135306	0.2761067252922954	0.2257419806135705	0.24377935445188367	0.11382032577195964	0.0	0.3636454481862696	0.29534325971819725	0.29584290996302587	0.3466323573498551	0.32015089437393823	0.3151044269011692	0.2687868492055561	0.27790546617367845	0.28437593684420903	0.2560707504746677	0.2666633356650345	0.26116718297191965	0.30958329169581295	0.27678125312281404	0.6391525931847707	0.2816028779854102	0.3722644149095633	0.37496252623163784	0.3695912860997302	0.3650694513840312	0.37503747376836216	0.297067053062856	0.317702608174278	0.2969671230138903	0.3187518736884181	0.34393424602778055	0.379609273508544	0.3551763765364245	0.41605875886879184	0.4364195063455581	0.30663535525132407
CM213	0.35392725092435295	0.3476816228639952	0.3421105226341561	0.329294493854302	0.27960427700609575	0.40581592884980516	0.44686219646247627	0.2951184171080244	0.30518636954132106	0.2628160287798541	0.2590686519436394	0.2634405915858899	0.26483961227141	0.37591186169681223	0.3636454481862696	0.0	0.2268661936644349	0.2271160187868492	0.2665883881283102	0.2735585090436694	0.18606975117417807	0.31143199760167883	0.255621065254322	0.28552513240731486	0.2729589287498751	0.3227990406715299	0.3177525731987609	0.3633706405516139	0.37029079644249024	0.6908663935245328	0.3281702808034376	0.4386679324472869	0.2820275806935145	0.2775057459778155	0.2527480763465574	0.2765564105126411	0.2821524932547217	0.2899720195862896	0.3002897971420006	0.29284500849405415	0.349755171380034	0.28759868092335367	0.33049365444189066	0.3371140201858699	0.33346657339862096	0.2829769161586889
CM219	0.33466573398620963	0.30491156190666535	0.3040121914659738	0.39937044069151595	0.2450034975517138	0.5039222544219046	0.5263065853902268	0.2257419806135705	0.24520335764964524	0.20817927450784451	0.23466073748376137	0.21482462276406517	0.23878285200359747	0.2957679624263016	0.29534325971819725	0.2268661936644349	0.0	0.14072649145598082	0.1473968222244429	0.21579894074148095	0.2028579994004197	0.20588088338163285	0.20960327770560608	0.2117267912461277	0.19693714399920056	0.2327370840411712	0.22029579294493853	0.24402917957429798	0.2762816028779854	0.6648845807934446	0.27210952333366645	0.4354451883681423	0.25149895073448586	0.2435545118417108	0.2189717197961427	0.23538523033876288	0.23513540521634857	0.24567802538223243	0.26566403517537723	0.2670880383731388	0.28187768562006593	0.20910362746077746	0.22871489957030078	0.28460077945438195	0.26943639452383333	0.276256620365744
CM222	0.3463575497151994	0.2812281403017887	0.2934445887878485	0.3835065454182073	0.26211651843709405	0.49415409213550515	0.5173128809833116	0.24642750074947536	0.24387928450084942	0.22166983111821725	0.25214849605276307	0.2194713700409713	0.225017487758569	0.3006145698011392	0.29584290996302587	0.2271160187868492	0.14072649145598082	0.0	0.167457779554312	0.15696512441291097	0.2258918756870191	0.18686919156590387	0.24512841011292097	0.27333366643349655	0.24787648645947838	0.20685520135904867	0.2052563205755971	0.25504646747276905	0.2543719396422504	0.6575647047067054	0.2891725791945638	0.41153692415309284	0.3246227640651544	0.3124812631158189	0.27463275707005097	0.31008294194064157	0.25462176476466475	0.2938443089837114	0.2626661337064055	0.26214150094933547	0.27258419106625364	0.2560457679624263	0.23038872789047668	0.2902218447087039	0.2904466873188768	0.27363345658039373
CM229	0.35917357849505344	0.3296192665134406	0.3198011392025582	0.41073748376136704	0.3079344458878785	0.5593084840611572	0.5839662236434496	0.2665384231038273	0.27188468072349353	0.26818726891176176	0.26753772359348454	0.280428699910063	0.2698361147196962	0.35030478664934545	0.3466323573498551	0.2665883881283102	0.1473968222244429	0.167457779554312	0.0	0.17452783051863696	0.2410562606175677	0.20208354152093536	0.26488957729589285	0.2785550114919556	0.27258419106625364	0.2144748675926851	0.20248326171679823	0.21769761167182972	0.2480513640451684	0.656790246827221	0.3182022584191066	0.4578295193364645	0.3237483761367043	0.3111821724792645	0.2745827920455681	0.3105326271609873	0.2846757269911062	0.3142300389727191	0.30805935844908566	0.3007144998501049	0.2857749575297292	0.20413210752473268	0.22621664834615768	0.26616368542020585	0.24480363745378236	0.30596082742080544
CM230	0.3814329969021685	0.3255221345058459	0.3242230438692915	0.3630708504047167	0.2645897871489957	0.4921804736684321	0.5129659238533026	0.29396922154491856	0.2683121814729689	0.28335165384231037	0.31018287198960726	0.29084640751473967	0.27942939942040573	0.3252473268711902	0.32015089437393823	0.2735585090436694	0.21579894074148095	0.15696512441291097	0.17452783051863696	0.0	0.25851903667432796	0.23378634955531127	0.30146397521734786	0.33561506945138403	0.3152043569501349	0.24510342760067952	0.2562706105725992	0.2988408114319976	0.254521834715699	0.6505196362546217	0.2993904267013091	0.3966223643449585	0.3734885580093934	0.35732487258918755	0.32337363845308287	0.35455181373038874	0.3178025382232437	0.34958029379434397	0.3186019786149695	0.31725292295393226	0.3027630658539023	0.29536824223043867	0.27895473168781854	0.30203857299890075	0.31145698011392026	0.2579944039172579
CM246	0.305586089737184	0.2840761466973119	0.29556810232837016	0.39499850104926554	0.25194863595483163	0.4245777955431198	0.4512841011292096	0.22112021584890576	0.2329869091635855	0.1958379134605776	0.22656640351753773	0.20578095333266713	0.19313980213850304	0.32287398820825425	0.3151044269011692	0.18606975117417807	0.2028579994004197	0.2258918756870191	0.2410562606175677	0.25851903667432796	0.0	0.2763565504147097	0.1886679324472869	0.20882881982612173	0.19848605975816927	0.2995153392625162	0.27213450584590787	0.3052613170780454	0.317702608174278	0.6649345458179274	0.23328669931048265	0.4075647047067053	0.2497751573898271	0.23301189167582692	0.20265813930248827	0.22834016188667933	0.22966423503547517	0.23303687418806834	0.23366143699410413	0.2373338662935945	0.30203857299890075	0.2615419206555411	0.30018986709303486	0.3435595083441591	0.3484061157189967	0.2857999400419706
CM253	0.34330968322174477	0.2843259718197262	0.29286999100629557	0.4356950134905566	0.30041470970320777	0.5311032277405816	0.552862995902868	0.23498551014289998	0.22998900769461378	0.21677325871889677	0.2578195263315679	0.21449985010492656	0.21464974517837515	0.2665134405915859	0.2687868492055561	0.31143199760167883	0.20588088338163285	0.18686919156590387	0.20208354152093536	0.23378634955531127	0.2763565504147097	0.0	0.2509493354651744	0.2786049765164385	0.25512141500949337	0.11581892675127411	0.11786749275507145	0.16226141700809432	0.20583091835715	0.6441490956330569	0.27243429599280505	0.40856400519636255	0.35182871989607273	0.3267962426301589	0.2932946937143999	0.3295443189767163	0.26351553912261416	0.29346957130008994	0.23191266113720396	0.2543719396422504	0.2452533226741281	0.2881233136804237	0.22107025082442291	0.289997002098531	0.2957429799140602	0.3144798640951334
CM257	0.2701359048665934	0.2639152593184771	0.26491455980813433	0.4494104127111022	0.24010692515239332	0.41171180173878286	0.4373938243229739	0.19104127111022284	0.21052763065853902	0.13493054861596881	0.14397421804736685	0.13762865993804338	0.13168282202458279	0.2840511641850704	0.27790546617367845	0.255621065254322	0.20960327770560608	0.24512841011292097	0.26488957729589285	0.30146397521734786	0.1886679324472869	0.2509493354651744	0.0	0.10117917457779554	0.09603277705606075	0.26131707804536825	0.23378634955531127	0.24005696012791047	0.3165034475866893	0.6652343359648246	0.19926051763765365	0.40009493354651743	0.21472469271509942	0.19403917257919456	0.1867442790046967	0.19548815828919755	0.13767862496252622	0.14504846607374838	0.18606975117417807	0.17869991006295594	0.2803037873488558	0.2757819526331568	0.30703507544718694	0.3780353752373339	0.35844908564005196	0.27835515139402417
CM259	0.28677425801938644	0.2794044169081643	0.2765064454881583	0.4854102128510043	0.25634555810932347	0.45078445088438096	0.4602028579994004	0.19306485460177875	0.21904666733286698	0.13665434196062756	0.16051264115119415	0.14849605276306585	0.15993804336964126	0.2787049065654042	0.28437593684420903	0.28552513240731486	0.2117267912461277	0.27333366643349655	0.2785550114919556	0.33561506945138403	0.20882881982612173	0.2786049765164385	0.10117917457779554	0.0	0.07759568302188469	0.2824772659138603	0.2591685819926052	0.2497751573898271	0.3324422903967223	0.677250924352953	0.22286899170580593	0.43484560807434797	0.19226541421005297	0.18999200559608273	0.207454781652843	0.19166583391625863	0.14834615768961726	0.13373138802838014	0.19014190066953132	0.18849305486159687	0.2938692914959528	0.2919956030778455	0.32717098031378034	0.4044418906765264	0.391026281602878	0.301239132607175
CM260	0.2687119016688318	0.25729489357449786	0.2571949635255321	0.46714799640251825	0.23221245128410112	0.43242230438692913	0.45450684520835416	0.17350354751673827	0.1930898371140202	0.12263915259318477	0.15718996702308385	0.12466273608474068	0.13113320675527132	0.258868791845708	0.2560707504746677	0.2729589287498751	0.19693714399920056	0.24787648645947838	0.27258419106625364	0.3152043569501349	0.19848605975816927	0.25512141500949337	0.09603277705606075	0.07759568302188469	0.0	0.2598181273108824	0.2339612271410013	0.2343609473368642	0.3098331168182272	0.668507045068452	0.20545618067352853	0.4111122214449885	0.20523133806335564	0.19743679424402918	0.19883581492954933	0.1967372839012691	0.1378035375237334	0.14302488258219245	0.1746527430798441	0.1698061357050065	0.2675127410812431	0.2833766363545518	0.3020635555111422	0.3814579794144099	0.37004097132007596	0.2778055361247127
CM261	0.3418606975117418	0.2639402418307185	0.2776306585390227	0.4284251024283002	0.2779554311981613	0.5301039272509244	0.5534126111721794	0.23655940841411013	0.2147746577395823	0.23318676926151694	0.263565504147097	0.2208953732387329	0.20515639052663137	0.2629409413410613	0.2666633356650345	0.3227990406715299	0.2327370840411712	0.20685520135904867	0.2144748675926851	0.24510342760067952	0.2995153392625162	0.11581892675127411	0.26131707804536825	0.2824772659138603	0.2598181273108824	0.0	0.11094733686419507	0.15781452982911962	0.1872189467372839	0.6329569301488958	0.27145997801538924	0.40793944239032676	0.3769361446987109	0.34875587089037674	0.319326471469971	0.3546017787548716	0.26551414010192864	0.30051463975217346	0.22451783751374038	0.23988208254222046	0.2355601079244529	0.3036874188068352	0.2422804037173978	0.29089637253922257	0.3165783951234136	0.28969721195163384
CM262	0.32337363845308287	0.27091036274607777	0.267737583691416	0.44161586889177573	0.2992405316278605	0.5224842610172878	0.548516038772859	0.2230688518037374	0.21794743679424403	0.20770460677525732	0.24120615569101628	0.199860097931448	0.19408913760367744	0.2607174977515739	0.26116718297191965	0.3177525731987609	0.22029579294493853	0.2052563205755971	0.20248326171679823	0.2562706105725992	0.27213450584590787	0.11786749275507145	0.23378634955531127	0.2591685819926052	0.2339612271410013	0.11094733686419507	0.0	0.13602977915459177	0.17507744578794843	0.637203957229939	0.2568701908663935	0.40371739782152494	0.3416608374138103	0.315728989707205	0.28992205456180675	0.3237233936244629	0.24535325272309383	0.2791046267612671	0.21347556710302787	0.22851503947236934	0.20780453682422304	0.26431497951433996	0.2094783651443989	0.2826271609873089	0.289647246927151	0.3019636254621765
CM271	0.3292195463175777	0.2812531228140302	0.26473968222244426	0.4809633256720296	0.35512641151194163	0.5511142200459678	0.5619816128709904	0.24900069951034276	0.2582192465274308	0.22951433996202658	0.24665234335964825	0.23416108723893275	0.22379334465873887	0.29806635355251326	0.30958329169581295	0.3633706405516139	0.24402917957429798	0.25504646747276905	0.21769761167182972	0.2988408114319976	0.3052613170780454	0.16226141700809432	0.24005696012791047	0.2497751573898271	0.2343609473368642	0.15781452982911962	0.13602977915459177	0.0	0.22047067053062855	0.6247876486459478	0.28112821025282303	0.43734385929849107	0.3254471869691216	0.29504346957130007	0.2881233136804237	0.31460477665634057	0.2448536024782652	0.27363345658039373	0.2283151793744379	0.2344608773858299	0.21160187868492056	0.2615419206555411	0.21739782152493256	0.3221245128410113	0.3194513840311782	0.34625761966623364
CM293	0.3458828819826122	0.26411511941640853	0.2799540321774758	0.41011292095533125	0.26758768861796745	0.5105176376536424	0.5375237333866294	0.2637653642450285	0.2331368042370341	0.2785799940041971	0.30563605476166683	0.2756070750474668	0.2524732687119017	0.27485759968022383	0.27678125312281404	0.37029079644249024	0.2762816028779854	0.2543719396422504	0.2480513640451684	0.254521834715699	0.317702608174278	0.20583091835715	0.3165034475866893	0.3324422903967223	0.3098331168182272	0.1872189467372839	0.17507744578794843	0.22047067053062855	0.0	0.6264115119416408	0.22419306485460178	0.39157589687218947	0.3914509843109823	0.36481962626161685	0.3263715399220546	0.3685420205855901	0.2965424203057859	0.3335665034475867	0.26678824822624164	0.2758818826821225	0.2048815828919756	0.300314779654242	0.23418606975117418	0.30306285600079946	0.3244728689917058	0.24253022883981212
CM362	0.6764514839612271	0.6582142500249825	0.6317327870490657	0.7285400219846108	0.658763865294294	0.7099780153892276	0.711801738782852	0.6416508444089137	0.6344059158588987	0.6411761766763265	0.6446237633656441	0.6400019986009793	0.6372789047666634	0.6485210352753072	0.6391525931847707	0.6908663935245328	0.6648845807934446	0.6575647047067054	0.656790246827221	0.6505196362546217	0.6649345458179274	0.6441490956330569	0.6652343359648246	0.677250924352953	0.668507045068452	0.6329569301488958	0.637203957229939	0.6247876486459478	0.6264115119416408	0.0	0.6535425202358349	0.6463975217347856	0.7091036274607775	0.6962626161686819	0.6823973218746877	0.6986109723193764	0.6654591785749975	0.6729289497351854	0.6761017287898471	0.6742530228839813	0.664734685719996	0.6726041770760468	0.6669331467972419	0.6952383331667833	0.7073048865793944	0.6509443389627261
CM372	0.2804786649345458	0.2254172079544319	0.24542820025981812	0.44041670830418705	0.23256220645548117	0.44029179574297994	0.4672729089637254	0.23418606975117418	0.2211451983611472	0.22609173578495054	0.25682022584191067	0.2149495353252723	0.19756170680523633	0.28260217847506747	0.2816028779854102	0.3281702808034376	0.27210952333366645	0.2891725791945638	0.3182022584191066	0.2993904267013091	0.23328669931048265	0.27243429599280505	0.19926051763765365	0.22286899170580593	0.20545618067352853	0.27145997801538924	0.2568701908663935	0.28112821025282303	0.22419306485460178	0.6535425202358349	0.0	0.3792845008494054	0.28567502748076345	0.2498501049265514	0.21852203457579694	0.24163085839912063	0.19521335065454182	0.211801738782852	0.18344658738882783	0.2009093634455881	0.26536424502848005	0.326396522434296	0.2941940641550914	0.3801588887778555	0.3892775057459778	0.21420005995802938
CM383	0.42710102927950433	0.40249325472169484	0.429399420405716	0.439542320375737	0.364419906065754	0.39140101928649945	0.40746477465773956	0.4273008893774358	0.4112621165184371	0.3860047966423504	0.4134855601079245	0.39252523233736386	0.3818327170980314	0.3984710702508244	0.3722644149095633	0.4386679324472869	0.4354451883681423	0.41153692415309284	0.4578295193364645	0.3966223643449585	0.4075647047067053	0.40856400519636255	0.40009493354651743	0.43484560807434797	0.4111122214449885	0.40793944239032676	0.40371739782152494	0.43734385929849107	0.39157589687218947	0.6463975217347856	0.3792845008494054	0.0	0.46245128410112923	0.44808633956230637	0.40714000199860095	0.4336464474867593	0.3781353052862996	0.4012940941341061	0.39027680623563504	0.37786049765164387	0.41233636454481865	0.44209053662436293	0.44136604376936145	0.4689717197961427	0.494029179574298	0.37373838313180774
CM436	0.29839112621165187	0.3527780553612471	0.33688917757569703	0.457279904067153	0.3392125512141501	0.4520335764964525	0.4814629759168582	0.2823023883281703	0.3093084840611572	0.24320475667033076	0.25587089037673627	0.2676376536424503	0.27188468072349353	0.3670180873388628	0.37496252623163784	0.2820275806935145	0.25149895073448586	0.3246227640651544	0.3237483761367043	0.3734885580093934	0.2497751573898271	0.35182871989607273	0.21472469271509942	0.19226541421005297	0.20523133806335564	0.3769361446987109	0.3416608374138103	0.3254471869691216	0.3914509843109823	0.7091036274607775	0.28567502748076345	0.46245128410112923	0.0	0.09038672928949736	0.15921355051463976	0.1208903767362846	0.21594883581492955	0.18951733786349556	0.24740181872689118	0.2460527630658539	0.32502248426101726	0.25304786649345457	0.3464824622764065	0.3973218746877186	0.3816328570000999	0.35769961027280905
CM437	0.2842510242830019	0.3280953332667133	0.3079594284001199	0.4462875986809234	0.32782052563205755	0.4509843109823124	0.47024582792045566	0.27942939942040573	0.2985909863095833	0.2408064354951534	0.24597781552912962	0.248376136704307	0.24542820025981812	0.36262116518437093	0.3695912860997302	0.2775057459778155	0.2435545118417108	0.3124812631158189	0.3111821724792645	0.35732487258918755	0.23301189167582692	0.3267962426301589	0.19403917257919456	0.18999200559608273	0.19743679424402918	0.34875587089037674	0.315728989707205	0.29504346957130007	0.36481962626161685	0.6962626161686819	0.2498501049265514	0.44808633956230637	0.09038672928949736	0.0	0.12398820825422205	0.10882382332367344	0.19306485460177875	0.17023083841311082	0.21464974517837515	0.21242630158888778	0.30238832817028083	0.2379084640751474	0.32252423303687416	0.37638652942939943	0.3635205356250625	0.3392125512141501
CM438	0.2674627760567603	0.29269511342060556	0.2860247826521435	0.4161337064055161	0.30563605476166683	0.42527730588587986	0.47659138602977913	0.27535724992505245	0.2947936444488858	0.23426101728789847	0.23388627960427702	0.24722694114120117	0.23031378035375238	0.36909163585490157	0.3650694513840312	0.2527480763465574	0.2189717197961427	0.27463275707005097	0.2745827920455681	0.32337363845308287	0.20265813930248827	0.2932946937143999	0.1867442790046967	0.207454781652843	0.19883581492954933	0.319326471469971	0.28992205456180675	0.2881233136804237	0.3263715399220546	0.6823973218746877	0.21852203457579694	0.40714000199860095	0.15921355051463976	0.12398820825422205	0.0	0.11581892675127411	0.17894973518537025	0.18219746177675628	0.19811132207454782	0.19411412011591886	0.28037873488558007	0.23705905865893875	0.2880483661436994	0.34780653542520235	0.3311931647846507	0.3024882582192465
CM439	0.28517537723593483	0.3277455780953333	0.32040071949635257	0.45063455581093237	0.30848406115718996	0.4367692615169381	0.46804736684320974	0.28942240431697813	0.30953332667133004	0.23558509043669432	0.2520985310282802	0.24647746577395824	0.25769461377036074	0.3708154291995603	0.37503747376836216	0.2765564105126411	0.23538523033876288	0.31008294194064157	0.3105326271609873	0.35455181373038874	0.22834016188667933	0.3295443189767163	0.19548815828919755	0.19166583391625863	0.1967372839012691	0.3546017787548716	0.3237233936244629	0.31460477665634057	0.3685420205855901	0.6986109723193764	0.24163085839912063	0.4336464474867593	0.1208903767362846	0.10882382332367344	0.11581892675127411	0.0	0.19561307085040472	0.16213650444688718	0.22424302987908465	0.22366843209753173	0.31752773058858796	0.2595932847007095	0.3284201059258519	0.3924253022883981	0.36731787748575995	0.3313180773458579
CM441	0.2609673228739882	0.21957130008993705	0.21827220945338263	0.42855001498950734	0.26836214649745177	0.4287748575996802	0.4510092934945538	0.22326871190166883	0.2486259618267213	0.16840711501948635	0.16201159188568	0.16348556010792445	0.1695812930948336	0.30453682422304384	0.297067053062856	0.2821524932547217	0.23513540521634857	0.25462176476466475	0.2846757269911062	0.3178025382232437	0.22966423503547517	0.26351553912261416	0.13767862496252622	0.14834615768961726	0.1378035375237334	0.26551414010192864	0.24535325272309383	0.2448536024782652	0.2965424203057859	0.6654591785749975	0.19521335065454182	0.3781353052862996	0.21594883581492955	0.19306485460177875	0.17894973518537025	0.19561307085040472	0.0	0.12119016688318178	0.150069951034276	0.13340661536924153	0.2508244229039672	0.26818726891176176	0.2963675427200959	0.36686819226541423	0.3583241730788448	0.25292295393224745
CM443	0.2658888777855501	0.26583891276106725	0.2567702608174278	0.4534076146697312	0.2634655740981313	0.4223793344658739	0.4292495253322674	0.2414559808134306	0.26366543419606275	0.17103027880483662	0.19458878784850606	0.1801239132607175	0.19678724892575197	0.31940141900669533	0.317702608174278	0.2899720195862896	0.24567802538223243	0.2938443089837114	0.3142300389727191	0.34958029379434397	0.23303687418806834	0.29346957130008994	0.14504846607374838	0.13373138802838014	0.14302488258219245	0.30051463975217346	0.2791046267612671	0.27363345658039373	0.3335665034475867	0.6729289497351854	0.211801738782852	0.4012940941341061	0.18951733786349556	0.17023083841311082	0.18219746177675628	0.16213650444688718	0.12119016688318178	0.0	0.1620865394224043	0.1633606475467173	0.29461876686319577	0.2911711801738783	0.3366643349655241	0.3977465773958229	0.3888278205256321	0.29132107524732687
CM444	0.2793544518836814	0.229539322474268	0.22514240031977617	0.44458878784850603	0.2959428400119916	0.4434395922854002	0.46464974517837515	0.24307984410912362	0.2539472369341461	0.2071300089937044	0.22958928749875088	0.19071649845108424	0.16635854901568903	0.29774158089337466	0.2969671230138903	0.3002897971420006	0.26566403517537723	0.2626661337064055	0.30805935844908566	0.3186019786149695	0.23366143699410413	0.23191266113720396	0.18606975117417807	0.19014190066953132	0.1746527430798441	0.22451783751374038	0.21347556710302787	0.2283151793744379	0.26678824822624164	0.6761017287898471	0.18344658738882783	0.39027680623563504	0.24740181872689118	0.21464974517837515	0.19811132207454782	0.22424302987908465	0.150069951034276	0.1620865394224043	0.0	0.10864894573798341	0.21452483261716798	0.2977915459178575	0.2630658539022684	0.34970520635555113	0.36189667232936945	0.2837263915259318
CM452	0.2626661337064055	0.22176976116718297	0.21372539222544218	0.4142850004996502	0.2882232437293894	0.43746877185969824	0.4468122314379934	0.2445288298191266	0.27053562506245626	0.20917857499750175	0.2181722794044169	0.1905166383531528	0.1703807334865594	0.32264914559808133	0.3187518736884181	0.29284500849405415	0.2670880383731388	0.26214150094933547	0.3007144998501049	0.31725292295393226	0.2373338662935945	0.2543719396422504	0.17869991006295594	0.18849305486159687	0.1698061357050065	0.23988208254222046	0.22851503947236934	0.2344608773858299	0.2758818826821225	0.6742530228839813	0.2009093634455881	0.37786049765164387	0.2460527630658539	0.21242630158888778	0.19411412011591886	0.22366843209753173	0.13340661536924153	0.1633606475467173	0.10864894573798341	0.0	0.22394323973218747	0.2880983311681823	0.2661886679324473	0.35392725092435295	0.35752473268711904	0.2633156790246827
CM469	0.2981912661137204	0.27503247726591384	0.24930048965723994	0.4109873088837814	0.34500849405416206	0.5120165883881284	0.5359998001399021	0.30036474467872487	0.2932197461776756	0.2877735585090437	0.31033276706305585	0.2769061656840212	0.2519986009793145	0.3423103827320875	0.34393424602778055	0.349755171380034	0.28187768562006593	0.27258419106625364	0.2857749575297292	0.3027630658539023	0.30203857299890075	0.2452533226741281	0.2803037873488558	0.2938692914959528	0.2675127410812431	0.2355601079244529	0.20780453682422304	0.21160187868492056	0.2048815828919756	0.664734685719996	0.26536424502848005	0.41233636454481865	0.32502248426101726	0.30238832817028083	0.28037873488558007	0.31752773058858796	0.2508244229039672	0.29461876686319577	0.21452483261716798	0.22394323973218747	0.0	0.24090636554411912	0.17482762066553412	0.2560957329869092	0.2770810432697112	0.28849805136404516
CM471	0.3208504047166983	0.33766363545518135	0.3197761566903168	0.3731388028380134	0.3656690316778255	0.532052563205756	0.5560857399820126	0.3127810532627161	0.32956930148895774	0.305935844908564	0.2922953932247427	0.3042370340761467	0.2963425602078545	0.3799340461676826	0.379609273508544	0.28759868092335367	0.20910362746077746	0.2560457679624263	0.20413210752473268	0.29536824223043867	0.2615419206555411	0.2881233136804237	0.2757819526331568	0.2919956030778455	0.2833766363545518	0.3036874188068352	0.26431497951433996	0.2615419206555411	0.300314779654242	0.6726041770760468	0.326396522434296	0.44209053662436293	0.25304786649345457	0.2379084640751474	0.23705905865893875	0.2595932847007095	0.26818726891176176	0.2911711801738783	0.2977915459178575	0.2880983311681823	0.24090636554411912	0.0	0.19726191665833917	0.21682322374337964	0.1969871090236834	0.33126811232137504
CM535	0.32579694214050164	0.3085590086939143	0.28552513240731486	0.38390626561407015	0.3706655341261117	0.5687268911761767	0.593209753172779	0.31797741580893374	0.31630358748875786	0.3053112821025282	0.33031877685620065	0.29599280503647446	0.28832317377835515	0.3479314479864095	0.3551763765364245	0.33049365444189066	0.22871489957030078	0.23038872789047668	0.22621664834615768	0.27895473168781854	0.30018986709303486	0.22107025082442291	0.30703507544718694	0.32717098031378034	0.3020635555111422	0.2422804037173978	0.2094783651443989	0.21739782152493256	0.23418606975117418	0.6669331467972419	0.2941940641550914	0.44136604376936145	0.3464824622764065	0.32252423303687416	0.2880483661436994	0.3284201059258519	0.2963675427200959	0.3366643349655241	0.2630658539022684	0.2661886679324473	0.17482762066553412	0.19726191665833917	0.0	0.1903667432797042	0.18644448885779955	0.31830218846807234
CM538	0.3763365644049166	0.3867542720095933	0.3669681223143799	0.31925152393324674	0.3916008793844309	0.5886629359448387	0.6108474068152293	0.39529829119616267	0.37688617967422805	0.38582991905666036	0.4008444089137604	0.3760617567702608	0.35207854501848707	0.41500949335465176	0.41605875886879184	0.3371140201858699	0.28460077945438195	0.2902218447087039	0.26616368542020585	0.30203857299890075	0.3435595083441591	0.289997002098531	0.3780353752373339	0.4044418906765264	0.3814579794144099	0.29089637253922257	0.2826271609873089	0.3221245128410113	0.30306285600079946	0.6952383331667833	0.3801588887778555	0.4689717197961427	0.3973218746877186	0.37638652942939943	0.34780653542520235	0.3924253022883981	0.36686819226541423	0.3977465773958229	0.34970520635555113	0.35392725092435295	0.2560957329869092	0.21682322374337964	0.1903667432797042	0.0	0.1174178075347257	0.34473368641950636
