	CM009	CM021	CM025	CM039	CM086	CM110	CM118	CM176	CM179	CM181	CM182	CM183	CM184	CM198	CM199	CM213	CM219	CM222	CM229	CM230	CM246	CM253	CM257	CM259	CM260	CM261	CM262	CM271	CM293	CM362	CM372	CM383	CM436	CM437	CM438	CM439	CM441	CM443	CM444	CM452	CM469	CM471	CM535	CM538	CM540	CM557
CM009	0.0	0.07289011769075737	0.06485007936508128	0.14314921689372395	0.14303673493558447	0.19439485702573842	0.19756217472192886	0.09527880717360383	0.09852024689871469	0.0924328235144846	0.10399501304175526	0.09320997828810292	0.0842530718231779	0.12812393286274393	0.12509677374494563	0.1313277515080174	0.13847735806556064	0.15195439871678865	0.1509232615454178	0.17030666679781373	0.0870043838679431	0.11993187782666652	0.07589692078026611	0.09149393021139413	0.07682843031179144	0.13005029091028336	0.10660418198115927	0.0918948643378897	0.12534680384493574	0.18574086625903707	0.0794427768368519	0.14532098652155367	0.09873732714971457	0.08753049718584291	0.06666239772779717	0.08161239745466495	0.07118048825159992	0.07965467414482498	0.0773490040915878	0.06824030679646051	0.08532016114546963	0.09926403454271233	0.10610963473431351	0.12814192439250538	0.13326822194430807	0.13093959620813894
CM021	0.07289011769075737	0.0	0.04535425739464427	0.1302573225027419	0.10880792976572486	0.18758783196521142	0.1946061547337647	0.07155268503164136	0.06942830508619749	0.06404269837628176	0.07354118950170985	0.05885387347783413	0.05548815277741087	0.08368056721728281	0.07966515854611067	0.12103466910273174	0.1156005276104253	0.12126633447011297	0.13415066676840198	0.13591399367402396	0.07141384251189506	0.0864563956812548	0.0792361747453674	0.09555330404111073	0.08050217617120765	0.08998043765724341	0.07604850363628222	0.06992805696291474	0.08374220419719525	0.16493703930919898	0.062321606839906694	0.12474401141437205	0.12823424867768204	0.11309449906502961	0.08942648532386646	0.11077484526480208	0.07001823399179107	0.09438107874222172	0.07648180727706523	0.07031099887318018	0.07391088110333234	0.0920716855812646	0.08846413933369304	0.11656947895637117	0.12481590252738549	0.09973095958223764
CM025	0.06485007936508128	0.04535425739464427	0.0	0.14789382720847086	0.13692795451984602	0.19961339874083783	0.20494352761126927	0.0787289192805569	0.08010353945202289	0.0824249268434125	0.08687155181090728	0.0754099053146268	0.06607665558202515	0.10749435116154112	0.10599450570517101	0.1311181657866683	0.12261500543935779	0.12929644079705133	0.12923068667471777	0.14529537056684377	0.07937404027224729	0.09481276973624786	0.07359602284497174	0.09150193178894606	0.07509661101108617	0.10163378974223486	0.08125148980814581	0.06902246900078657	0.09741967818462113	0.17381986916762243	0.06565239063115953	0.15016548919110653	0.11929250804167171	0.10400450043841424	0.08088631797785088	0.10433084561634264	0.06261761288838283	0.09012121199677507	0.06658656770834925	0.05973775105669071	0.061387489831687576	0.08543624060835553	0.08071590043124793	0.11579069160254869	0.12099744513144904	0.12102545458097769
CM039	0.14314921689372395	0.1302573225027419	0.14789382720847086	0.0	0.11236513377502827	0.1953954880220875	0.20611645123756844	0.16492873518261858	0.14476859603382367	0.1562066350640212	0.16378916614110076	0.15359283315466266	0.15679574403619564	0.1307120773853048	0.11818686221263316	0.11282116469296784	0.1466125443862962	0.15205972805830356	0.15566661505883256	0.13947457200687824	0.15234104250014432	0.13085814641100688	0.1754257350367282	0.19449213927614006	0.1796289475198271	0.12979135603306696	0.1411732620698909	0.16638992579224013	0.11888022848398563	0.21071379056478345	0.14916756915997958	0.14769787454208966	0.1914106226836175	0.1853642615142646	0.1599908073683072	0.1780266396514358	0.16823481268467888	0.17780835193228983	0.17339827508427486	0.16488186323601506	0.1534924525834504	0.143205222070109	0.13791292750449471	0.0985652454797137	0.11857860125206487	0.09127745187618701
CM086	0.14303673493558447	0.10880792976572486	0.13692795451984602	0.11236513377502827	0.0	0.18813175088757533	0.19783895915224675	0.11261284375842506	0.09870273116321139	0.10190832156110592	0.12299953642033983	0.10103134890486865	0.10869317386687241	0.08860766535257886	0.0835650387979219	0.09638343270374353	0.08535022074364895	0.10141031857791703	0.1169608037791886	0.1022876642857329	0.10850462134067856	0.10368790945138301	0.12250311148246994	0.1361108224380213	0.1222940534311358	0.09730696793337898	0.11811528812556712	0.14853257024981834	0.10549629002394724	0.2081639155968923	0.10587084624749654	0.14261547732028607	0.16486251062343388	0.15830809560914572	0.14308418606178236	0.14575472900745576	0.12715805100178038	0.13177600666167383	0.14265242234068765	0.13880480726834368	0.15407948341999975	0.15212093206076385	0.14857385084492097	0.13183833411485338	0.14390027221693116	0.04536688217121064
CM110	0.19439485702573842	0.18758783196521142	0.19961339874083783	0.1953954880220875	0.18813175088757533	0.0	0.049398792610579646	0.21201204897717346	0.20956409856917274	0.18725909703970384	0.1942699857764799	0.19227124110257027	0.19122146308296434	0.19790905564677974	0.17717080756406992	0.20432861274662142	0.24984937877255176	0.2627913264881977	0.28430705167110715	0.2662023021187068	0.19403977496617208	0.239509157506621	0.18222474481353698	0.20324838456422117	0.1886073005513264	0.24746325898929247	0.23529464951333678	0.23364191394868603	0.22068291912955557	0.21556849516826343	0.17490936352004868	0.14893586794017166	0.20659233474387767	0.2034484596609538	0.18783310260847794	0.1890564521938282	0.1833573630092937	0.18776982461868036	0.19436272716432212	0.19066115085377547	0.2112454824107588	0.23912640577268135	0.24873994007099032	0.26397400017418815	0.27617028248146674	0.20133026208787685
CM118	0.19756217472192886	0.1946061547337647	0.20494352761126927	0.20611645123756844	0.19783895915224675	0.049398792610579646	0.0	0.21567410221871142	0.21347542041422812	0.19486723878597612	0.2037209184607484	0.19894436022176598	0.2003867608933034	0.20247233356776415	0.1831854151576338	0.2197868844794483	0.2585398027735598	0.2711884351341871	0.2936420890724882	0.275863717293588	0.2035905904016963	0.2481502945315324	0.1885429768731613	0.19400320062085405	0.19389476079886422	0.2563821988869319	0.24454192938048558	0.24200860179051892	0.23202732012541022	0.2231793549003624	0.18281685959181312	0.15400219253240735	0.19853356773917172	0.19503253631483836	0.1979828504035021	0.18415084213511312	0.18493344129912084	0.17835842769724908	0.1896710918402332	0.18273621504085089	0.21993837756985213	0.24893119619445767	0.2540141479484383	0.2697884767964141	0.2839012747014373	0.21313775989977693
CM176	0.09527880717360383	0.07155268503164136	0.0787289192805569	0.16492873518261858	0.11261284375842506	0.21201204897717346	0.21567410221871142	0.0	0.03308369130121929	0.0388134604166095	0.05415151579609571	0.033700424042985996	0.04018810371372863	0.0801198672940101	0.0791615006744169	0.1124958060884403	0.08293164059664165	0.11025165250622139	0.10769667857183901	0.1412802217087942	0.04951657033754862	0.0753152272260892	0.06080742851343703	0.06914698987513655	0.05602360634306979	0.08801428142303797	0.06808374588147988	0.06469569410290477	0.09501599946750519	0.19047743199528744	0.07787828169146249	0.15325931542635568	0.10707851153382093	0.09744987292038232	0.08498208480506167	0.09525731734330639	0.06842688897938193	0.0834011224861403	0.08986275415505603	0.08479306384027338	0.10433601847849598	0.08533274866683954	0.09168576159384913	0.12982639089767867	0.12364089845021548	0.1255893694443519
CM179	0.09852024689871469	0.06942830508619749	0.08010353945202289	0.14476859603382367	0.09870273116321139	0.20956409856917274	0.21347542041422812	0.03308369130121929	0.0	0.05523041147043012	0.06806438745931662	0.044029255099728375	0.04737517470708157	0.06587615036846721	0.06462871324860667	0.11209716139335242	0.08447812013713821	0.1003709844995373	0.10852895369436664	0.12326714694526486	0.06372204614691869	0.06032882820093422	0.07834540130411473	0.09010267949004691	0.07413031269687442	0.07242089572951005	0.055247674184197786	0.07602724600270627	0.0756403303898504	0.18951945389223057	0.07437378567350159	0.15015278854956193	0.12160088176569027	0.11063973429190356	0.09891933457993932	0.10881719008707477	0.0832807650272012	0.09556538365588105	0.09160813828935285	0.08984923217069159	0.10276783151297264	0.09624189685577125	0.0812323528208737	0.11134267547217161	0.11454016579582874	0.10954045726077544
CM181	0.0924328235144846	0.06404269837628176	0.0824249268434125	0.1562066350640212	0.10190832156110592	0.18725909703970384	0.19486723878597612	0.0388134604166095	0.05523041147043012	0.0	0.0372588028215904	0.022417909178057593	0.03802677691613379	0.08353722446391838	0.07505501596137688	0.10001953082825149	0.09032305689453853	0.11560937514545284	0.12445336207612952	0.14809186004986016	0.04701770704028396	0.08760817661797324	0.05048646713175247	0.057447805519088874	0.04621505082095542	0.10381385886573648	0.08007243507907061	0.07266540355311947	0.10546608176453985	0.18470155409065883	0.07455451354694119	0.13867172846539538	0.10168915531737813	0.09487654944405277	0.08319420878087123	0.08613835685508092	0.06095330811521536	0.06943259458445097	0.08463569756564293	0.08043729012791946	0.10550650166622116	0.09496596200123081	0.10415318438696748	0.14175087385193852	0.1347083260071334	0.11743227411281298
CM182	0.10399501304175526	0.07354118950170985	0.08687155181090728	0.16378916614110076	0.12299953642033983	0.1942699857764799	0.2037209184607484	0.05415151579609571	0.06806438745931662	0.0372588028215904	0.0	0.03944668515221904	0.04836319736450075	0.106100656569614	0.09483060002011477	0.09519887578786652	0.08699426279078815	0.12079596520418169	0.11587827996237768	0.15748451544262743	0.04760475242755012	0.09789070817489828	0.04912725309289259	0.062086107280038286	0.057393278483442965	0.11112964111085805	0.08691321512703949	0.07633839726136338	0.11379916102169119	0.1942378990958346	0.0899208650030693	0.14919058159540172	0.09867194465007273	0.08688331428648326	0.07968230854061288	0.08892378831309845	0.061157484303104526	0.08219971360585902	0.09437318515760142	0.08862804614896956	0.11123078439661542	0.08106706957072306	0.10858387485532141	0.14626934897612417	0.13767270670377313	0.12748966144313523
CM183	0.09320997828810292	0.05885387347783413	0.0754099053146268	0.15359283315466266	0.10103134890486865	0.19227124110257027	0.19894436022176598	0.033700424042985996	0.044029255099728375	0.022417909178057593	0.03944668515221904	0.0	0.030490184015915578	0.07711007566973907	0.07041932686705847	0.10342279250932618	0.08611409746197873	0.1061894862496287	0.12040772116155576	0.14177482242450284	0.049727130264853224	0.07862400037917341	0.05188560031426277	0.06473482717942444	0.04951588382771929	0.09345249957187553	0.07062443636365966	0.0702488028866506	0.09622782294062482	0.1853230911493248	0.07054271369912554	0.14170111651426825	0.10931730897420981	0.098582555362813	0.08530592981286435	0.09284625689507142	0.05944217710936919	0.07556641171046885	0.07955725477927399	0.07402166871166241	0.09953216168470505	0.08955594618849343	0.09314992634321641	0.13164001855224558	0.1264044318086816	0.1138207372060203
CM184	0.0842530718231779	0.05548815277741087	0.06607665558202515	0.15679574403619564	0.10869317386687241	0.19122146308296434	0.2003867608933034	0.04018810371372863	0.04737517470708157	0.03802677691613379	0.04836319736450075	0.030490184015915578	0.0	0.08658303463561884	0.08433690946419244	0.11167380285607767	0.09019530645502752	0.10839776474755003	0.1161777400509567	0.13918420710737797	0.04610068987601062	0.07094267180125763	0.048490699692242414	0.06365157746797502	0.04950039481844701	0.08524800250765344	0.06317621252774666	0.05825733777590081	0.08700232947338157	0.17879169880385434	0.05449655139365953	0.14265441848607247	0.10397813375736788	0.08940178023775376	0.07348928557083761	0.0868382944423377	0.05414666177602049	0.07232754822936382	0.06455974419520237	0.05823803608510424	0.08041640771024823	0.0851790084748163	0.08501592100480719	0.12258854502353617	0.11774066804825724	0.1163235790423846
CM198	0.12812393286274393	0.08368056721728281	0.10749435116154112	0.1307120773853048	0.08860766535257886	0.19790905564677974	0.20247233356776415	0.0801198672940101	0.06587615036846721	0.08353722446391838	0.106100656569614	0.07711007566973907	0.08658303463561884	0.0	0.030697483743462154	0.13341928166162892	0.11213951214502814	0.12970024017433607	0.14600758662108884	0.1357612236415765	0.09883742078564445	0.09175061579778049	0.10965547219926722	0.11172847310079623	0.09934164486305955	0.0970868091760805	0.08494143751097002	0.10881935495186781	0.08052541827109595	0.17792674651645324	0.09010570756988741	0.13908129876862058	0.14956676006345135	0.14253063735778326	0.13203813252055596	0.1385852109320858	0.11241325787163947	0.12183310181789112	0.11909564709524818	0.119209130446529	0.12329994359794533	0.12756992399413897	0.11465483730490852	0.12940685169889204	0.14052205726653239	0.1006084776863453
CM199	0.12509677374494563	0.07966515854611067	0.10599450570517101	0.11818686221263316	0.0835650387979219	0.17717080756406992	0.1831854151576338	0.0791615006744169	0.06462871324860667	0.07505501596137688	0.09483060002011477	0.07041932686705847	0.08433690946419244	0.030697483743462154	0.0	0.12615652827817345	0.11713102074241882	0.13498202915536522	0.1521968910295952	0.1404101838733603	0.09783432514254127	0.0981802484181793	0.10637605378250355	0.11279490432990016	0.09959366896711805	0.10369871153001273	0.09158587912763626	0.11305963626674882	0.08378680555242997	0.17488828055629196	0.08926754787761484	0.12166944423847094	0.1512901171204289	0.14356711305129663	0.13169834124672036	0.13981001578126728	0.10916530405616022	0.12178666317278485	0.11937804517754487	0.11824953959263614	0.12301295691771527	0.12701287734521516	0.11722911094248084	0.13290536826073163	0.14446162497509277	0.09296891762124258
CM213	0.1313277515080174	0.12103466910273174	0.1311181657866683	0.11282116469296784	0.09638343270374353	0.20432861274662142	0.2197868844794483	0.1124958060884403	0.11209716139335242	0.10001953082825149	0.09519887578786652	0.10342279250932618	0.11167380285607767	0.13341928166162892	0.12615652827817345	0.0	0.07632235016506417	0.09907288265278154	0.09819912837327799	0.12818906153805495	0.08534935459145923	0.10519734725448629	0.10647814826873904	0.12490230058789208	0.10948624107824945	0.10318022918613948	0.11437007086290986	0.1306390763001284	0.1315539493451575	0.22204112695655367	0.13900604663715038	0.17581764621476575	0.12923769804391516	0.12608351337596255	0.10436559793409812	0.11563795141742782	0.11292604037162488	0.12053566097416071	0.1382729760782515	0.1304034770574246	0.15301479429892553	0.11451241099408041	0.1356371027228286	0.12682667314246124	0.12307122536105386	0.09077593584036579
CM219	0.13847735806556064	0.1156005276104253	0.12261500543935779	0.1466125443862962	0.08535022074364895	0.24984937877255176	0.2585398027735598	0.08293164059664165	0.08447812013713821	0.09032305689453853	0.08699426279078815	0.08611409746197873	0.09019530645502752	0.11213951214502814	0.11713102074241882	0.07632235016506417	0.0	0.06042972029384335	0.04595500774882048	0.09619934629515516	0.07703118781447178	0.06428806543076628	0.09490313643562656	0.10772324147819692	0.09494497688412515	0.06629599330669829	0.07607181953137804	0.0923083042349256	0.1023375679451439	0.21510399200462693	0.11392375887696969	0.19085519574357535	0.13142345010754275	0.11737635974669607	0.09974201915622143	0.11343517342451215	0.1024130151528353	0.11685607059931866	0.12195150311346632	0.12108071011862523	0.1292941406077587	0.09052127643687227	0.10079110967457272	0.10048668809409479	0.09379104110548936	0.09323325236129566
CM222	0.15195439871678865	0.12126633447011297	0.12929644079705133	0.15205972805830356	0.10141031857791703	0.2627913264881977	0.2711884351341871	0.11025165250622139	0.1003709844995373	0.11560937514545284	0.12079596520418169	0.1061894862496287	0.10839776474755003	0.12970024017433607	0.13498202915536522	0.09907288265278154	0.06042972029384335	0.0	0.06712621232273558	0.05219533721675304	0.11190914926120014	0.07902653892403902	0.13373599309253936	0.15177604940625022	0.13692236132211544	0.07606965402079287	0.08969974949917302	0.11256359873259597	0.10849944096700223	0.22951238859379564	0.13712371805777765	0.20356766543741575	0.18021414754069384	0.16521985152805146	0.13700941157724203	0.15903798811169798	0.13511910275431688	0.15591452115517757	0.14347186339694237	0.13732225750065438	0.14152623295873348	0.12575615537411233	0.11345666595309142	0.11742675265829239	0.11356304062161189	0.09478577210168539
CM229	0.1509232615454178	0.13415066676840198	0.12923068667471777	0.15566661505883256	0.1169608037791886	0.28430705167110715	0.2936420890724882	0.10769667857183901	0.10852895369436664	0.12445336207612952	0.11587827996237768	0.12040772116155576	0.1161777400509567	0.14600758662108884	0.1521968910295952	0.09819912837327799	0.04595500774882048	0.06712621232273558	0.0	0.0877848065145966	0.10635342178084918	0.06988679189092718	0.12581195482983454	0.13996185658738874	0.13030762065478702	0.06314741609495858	0.0773824992938986	0.08877736683003416	0.09942409315915983	0.2237782095201073	0.14312010348594173	0.214157936727184	0.162440513692864	0.1462826584311833	0.12306132805436427	0.1454691878025357	0.1344535877352691	0.14963599242080194	0.14383255349147409	0.14232428274082087	0.12906578782569142	0.08755197942127504	0.0910612503559137	0.09432769013405894	0.08349523780567533	0.10914303417483401
CM230	0.17030666679781373	0.13591399367402396	0.14529537056684377	0.13947457200687824	0.1022876642857329	0.2662023021187068	0.275863717293588	0.1412802217087942	0.12326714694526486	0.14809186004986016	0.15748451544262743	0.14177482242450284	0.13918420710737797	0.1357612236415765	0.1404101838733603	0.12818906153805495	0.09619934629515516	0.05219533721675304	0.0877848065145966	0.0	0.1394192086278429	0.10372951523525172	0.1655217328363345	0.18192538966777333	0.16693467028849113	0.09697302025175811	0.11921716124216067	0.14386844362854742	0.11399188779756199	0.23156154624783426	0.1386075225535457	0.2010876234528482	0.2054335566624176	0.1915976193845972	0.1654711667957787	0.18694263157790655	0.16535380716903286	0.18165086521636936	0.1662648922918055	0.16264490625689645	0.14889786543537542	0.14524293416652323	0.13031317301657028	0.11795406640651844	0.12961162406730642	0.09324227546389546
CM246	0.0870043838679431	0.07141384251189506	0.07937404027224729	0.15234104250014432	0.10850462134067856	0.19403977496617208	0.2035905904016963	0.04951657033754862	0.06372204614691869	0.04701770704028396	0.04760475242755012	0.049727130264853224	0.04610068987601062	0.09883742078564445	0.09783432514254127	0.08534935459145923	0.07703118781447178	0.11190914926120014	0.10635342178084918	0.1394192086278429	0.0	0.0872410140763303	0.04001584901448141	0.06166125440408888	0.04766887747245736	0.10432872248260058	0.07881091482788889	0.07125979248022699	0.10584026148910695	0.18250284870200634	0.06784549986925219	0.13899855659022992	0.08576804578486347	0.07205105732683614	0.0548165896285721	0.0668101021489596	0.052686947095824395	0.06310404770452965	0.0769305861061035	0.07233496901317196	0.09704310262184337	0.06646774678605397	0.09439316125538257	0.1249859588873468	0.11849380517753152	0.11815914877790674
CM253	0.11993187782666652	0.0864563956812548	0.09481276973624786	0.13085814641100688	0.10368790945138301	0.239509157506621	0.2481502945315324	0.0753152272260892	0.06032882820093422	0.08760817661797324	0.09789070817489828	0.07862400037917341	0.07094267180125763	0.09175061579778049	0.0981802484181793	0.10519734725448629	0.06428806543076628	0.07902653892403902	0.06988679189092718	0.10372951523525172	0.0872410140763303	0.0	0.10471729134512782	0.12146815490826493	0.10808770339173247	0.030033611112851025	0.0340883647001692	0.06466467450154169	0.05935266063412974	0.19324017399052915	0.09080847111898575	0.17005174724083524	0.15113435952804916	0.1334655575875364	0.10970598666959126	0.1300720673805417	0.10898960965040126	0.12280782440390012	0.09618071325794081	0.10100874339217779	0.09724227849794574	0.09683144372995427	0.07104322142376482	0.07484046767986316	0.07491619202340931	0.10410603833511833
CM257	0.07589692078026611	0.0792361747453674	0.07359602284497174	0.1754257350367282	0.12250311148246994	0.18222474481353698	0.1885429768731613	0.06080742851343703	0.07834540130411473	0.05048646713175247	0.04912725309289259	0.05188560031426277	0.048490699692242414	0.10965547219926722	0.10637605378250355	0.10647814826873904	0.09490313643562656	0.13373599309253936	0.12581195482983454	0.1655217328363345	0.04001584901448141	0.10471729134512782	0.0	0.034222349237943143	0.023712613733308595	0.12079454128217862	0.09657057894178452	0.08217079483460549	0.1260376264671722	0.19418248843080976	0.061311885688009334	0.1573102832811259	0.07268314293043858	0.05847785139074716	0.04811561094708394	0.05318327088936349	0.03257903187800096	0.04736044627355727	0.06383749297124204	0.05893704326938251	0.0882455923015137	0.08488132503881798	0.11520147029765092	0.14866538794167372	0.1403564431002363	0.13535378081732685
CM259	0.09149393021139413	0.09555330404111073	0.09150193178894606	0.19449213927614006	0.1361108224380213	0.20324838456422117	0.19400320062085405	0.06914698987513655	0.09010267949004691	0.057447805519088874	0.062086107280038286	0.06473482717942444	0.06365157746797502	0.11172847310079623	0.11279490432990016	0.12490230058789208	0.10772324147819692	0.15177604940625022	0.13996185658738874	0.18192538966777333	0.06166125440408888	0.12146815490826493	0.034222349237943143	0.0	0.024987163070817334	0.13638413888951026	0.11199318109651284	0.09597627912526739	0.140232977969113	0.20864450478669885	0.07763955394618326	0.17791298971608546	0.05665888357667514	0.04849157798154499	0.06602945631282738	0.050662858986462965	0.04435136430612804	0.03919538527365482	0.061694498344151576	0.05738143073747332	0.10024595655909947	0.09641432288346334	0.12901776305946036	0.16335874529927089	0.15545023658302728	0.1529914973626729
CM260	0.07682843031179144	0.08050217617120765	0.07509661101108617	0.1796289475198271	0.1222940534311358	0.1886073005513264	0.19389476079886422	0.05602360634306979	0.07413031269687442	0.04621505082095542	0.057393278483442965	0.04951588382771929	0.04950039481844701	0.09934164486305955	0.09959366896711805	0.10948624107824945	0.09494497688412515	0.13692236132211544	0.13030762065478702	0.16693467028849113	0.04766887747245736	0.10808770339173247	0.023712613733308595	0.024987163070817334	0.0	0.12274172165628978	0.09898616444930554	0.08307036742276877	0.12556463057804396	0.19510949602087568	0.06199320603455646	0.1630841011084803	0.06749909307718058	0.05928148429821393	0.05227439473844451	0.05432994695936058	0.03147255524949065	0.0423999542807412	0.06132994115747245	0.056204060623591984	0.08492332327010867	0.08902809975214218	0.11472539446440623	0.14850177158315317	0.14186754953174488	0.13615266071983628
CM261	0.13005029091028336	0.08998043765724341	0.10163378974223486	0.12979135603306696	0.09730696793337898	0.24746325898929247	0.2563821988869319	0.08801428142303797	0.07242089572951005	0.10381385886573648	0.11112964111085805	0.09345249957187553	0.08524800250765344	0.0970868091760805	0.10369871153001273	0.10318022918613948	0.06629599330669829	0.07606965402079287	0.06314741609495858	0.09697302025175811	0.10432872248260058	0.030033611112851025	0.12079454128217862	0.13638413888951026	0.12274172165628978	0.0	0.03832277354159103	0.06779798289010734	0.05774206538320174	0.1984071754158092	0.10271507688628949	0.17904168022809527	0.16804227538537655	0.15047964996259616	0.12535797768816348	0.1495826013400843	0.12334437452324039	0.13842677601098521	0.10676151866075709	0.11166933799123498	0.09654510357312125	0.10480136339259498	0.07930813721554351	0.07345401805052976	0.08287362221072196	0.09353099218696112
CM262	0.10660418198115927	0.07604850363628222	0.08125148980814581	0.1411732620698909	0.11811528812556712	0.23529464951333678	0.24454192938048558	0.06808374588147988	0.055247674184197786	0.08007243507907061	0.08691321512703949	0.07062443636365966	0.06317621252774666	0.08494143751097002	0.09158587912763626	0.11437007086290986	0.07607181953137804	0.08969974949917302	0.0773824992938986	0.11921716124216067	0.07881091482788889	0.0340883647001692	0.09657057894178452	0.11199318109651284	0.09898616444930554	0.03832277354159103	0.0	0.041890159278864435	0.046876526075050835	0.18574131493095486	0.0862086004031071	0.16597982798788255	0.1404504731912033	0.1227469962704069	0.09847093734227719	0.12387421447830574	0.09892364688664428	0.11484645828147681	0.08315592043700418	0.08813902505946865	0.07616499551592792	0.0770658234411822	0.05409472890839527	0.07798050488256064	0.07605452918544936	0.11371781478577256
CM271	0.0918948643378897	0.06992805696291474	0.06902246900078657	0.16638992579224013	0.14853257024981834	0.23364191394868603	0.24200860179051892	0.06469569410290477	0.07602724600270627	0.07266540355311947	0.07633839726136338	0.0702488028866506	0.05825733777590081	0.10881935495186781	0.11305963626674882	0.1306390763001284	0.0923083042349256	0.11256359873259597	0.08877736683003416	0.14386844362854742	0.07125979248022699	0.06466467450154169	0.08217079483460549	0.09597627912526739	0.08307036742276877	0.06779798289010734	0.041890159278864435	0.0	0.07216788312845729	0.16606297230331935	0.08269864506240154	0.16602587849333658	0.12375577241178903	0.10577522565335933	0.08324105559367385	0.10933086449642285	0.08495130112139382	0.10126077168312302	0.07703310252153156	0.07952578134196336	0.06203492998939251	0.06302414341166006	0.057084722937077045	0.09615262731898026	0.09248411895844502	0.14023543398065383
CM293	0.12534680384493574	0.08374220419719525	0.09741967818462113	0.11888022848398563	0.10549629002394724	0.22068291912955557	0.23202732012541022	0.09501599946750519	0.0756403303898504	0.10546608176453985	0.11379916102169119	0.09622782294062482	0.08700232947338157	0.08052541827109595	0.08378680555242997	0.1315539493451575	0.1023375679451439	0.10849944096700223	0.09942409315915983	0.11399188779756199	0.10584026148910695	0.05935266063412974	0.1260376264671722	0.140232977969113	0.12556463057804396	0.05774206538320174	0.046876526075050835	0.07216788312845729	0.0	0.17228754230822665	0.08573486976330298	0.15282436315943831	0.16766719671263186	0.14995680390395152	0.12260568173280768	0.14807013040996211	0.12206762783102229	0.13841930651823292	0.10786451866715863	0.11032180805994729	0.0775847503500588	0.09698183818233877	0.070346027483913	0.07946788407190994	0.08929128413904314	0.09199085671277249
CM362	0.18574086625903707	0.16493703930919898	0.17381986916762243	0.21071379056478345	0.2081639155968923	0.21556849516826343	0.2231793549003624	0.19047743199528744	0.18951945389223057	0.18470155409065883	0.1942378990958346	0.1853230911493248	0.17879169880385434	0.17792674651645324	0.17488828055629196	0.22204112695655367	0.21510399200462693	0.22951238859379564	0.2237782095201073	0.23156154624783426	0.18250284870200634	0.19324017399052915	0.19418248843080976	0.20864450478669885	0.19510949602087568	0.1984071754158092	0.18574131493095486	0.16606297230331935	0.17228754230822665	0.0	0.1709131636049299	0.16496853342137832	0.21509780629850192	0.20649881261830164	0.18950113506952096	0.20049396484288767	0.19720617371650356	0.20171205893045163	0.19038602259778348	0.1939297549389162	0.1771440414400598	0.18386660720336048	0.18059058119378518	0.20198455268503523	0.21076498207376218	0.20402774815922306
CM372	0.0794427768368519	0.062321606839906694	0.06565239063115953	0.14916756915997958	0.10587084624749654	0.17490936352004868	0.18281685959181312	0.07787828169146249	0.07437378567350159	0.07455451354694119	0.0899208650030693	0.07054271369912554	0.05449655139365953	0.09010570756988741	0.08926754787761484	0.13900604663715038	0.11392375887696969	0.13712371805777765	0.14312010348594173	0.1386075225535457	0.06784549986925219	0.09080847111898575	0.061311885688009334	0.07763955394618326	0.06199320603455646	0.10271507688628949	0.0862086004031071	0.08269864506240154	0.08573486976330298	0.1709131636049299	0.0	0.13375021561576012	0.1023588752182147	0.08477252258650184	0.06373239217941541	0.07687677024152728	0.05893263927473088	0.07104965280847512	0.05559623714146965	0.05847471710437685	0.06744226353369734	0.1001741356983443	0.09906052248863709	0.1213182706733175	0.13090262218225884	0.10654286294809387
CM383	0.14532098652155367	0.12474401141437205	0.15016548919110653	0.14769787454208966	0.14261547732028607	0.14893586794017166	0.15400219253240735	0.15325931542635568	0.15015278854956193	0.13867172846539538	0.14919058159540172	0.14170111651426825	0.14265441848607247	0.13908129876862058	0.12166944423847094	0.17581764621476575	0.19085519574357535	0.20356766543741575	0.214157936727184	0.2010876234528482	0.13899855659022992	0.17005174724083524	0.1573102832811259	0.17791298971608546	0.1630841011084803	0.17904168022809527	0.16597982798788255	0.16602587849333658	0.15282436315943831	0.16496853342137832	0.13375021561576012	0.0	0.19023976670995513	0.18059502888938	0.1572293302505525	0.16991552207736402	0.14931493158918094	0.16205518009032044	0.16071631435968817	0.15368794937632752	0.16843488920684335	0.16922377910487207	0.17205119732959556	0.18647570171095113	0.20091761638189756	0.14213833411632165
CM436	0.09873732714971457	0.12823424867768204	0.11929250804167171	0.1914106226836175	0.16486251062343388	0.20659233474387767	0.19853356773917172	0.10707851153382093	0.12160088176569027	0.10168915531737813	0.09867194465007273	0.10931730897420981	0.10397813375736788	0.14956676006345135	0.1512901171204289	0.12923769804391516	0.13142345010754275	0.18021414754069384	0.162440513692864	0.2054335566624176	0.08576804578486347	0.15113435952804916	0.07268314293043858	0.05665888357667514	0.06749909307718058	0.16804227538537655	0.1404504731912033	0.12375577241178903	0.16766719671263186	0.21509780629850192	0.1023588752182147	0.19023976670995513	0.0	0.025345893628151313	0.06083969433473203	0.03806639187785637	0.0734152918369374	0.05196412008344521	0.07989021673704295	0.07927539467630859	0.12283188458602061	0.10317775527526442	0.1460865187132565	0.17404452957137284	0.16686715177428493	0.17362780780572518
CM437	0.08753049718584291	0.11309449906502961	0.10400450043841424	0.1853642615142646	0.15830809560914572	0.2034484596609538	0.19503253631483836	0.09744987292038232	0.11063973429190356	0.09487654944405277	0.08688331428648326	0.098582555362813	0.08940178023775376	0.14253063735778326	0.14356711305129663	0.12608351337596255	0.11737635974669607	0.16521985152805146	0.1462826584311833	0.1915976193845972	0.07205105732683614	0.1334655575875364	0.05847785139074716	0.04849157798154499	0.05928148429821393	0.15047964996259616	0.1227469962704069	0.10577522565335933	0.14995680390395152	0.20649881261830164	0.08477252258650184	0.18059502888938	0.025345893628151313	0.0	0.043913244419932274	0.03194248854462845	0.06007461139607319	0.04391284085857987	0.06380675430889479	0.06351405658029935	0.10728544739717537	0.08816650946704879	0.13038215272441508	0.16002220825104158	0.152374457855613	0.16411737244905528
CM438	0.06666239772779717	0.08942648532386646	0.08088631797785088	0.1599908073683072	0.14308418606178236	0.18783310260847794	0.1979828504035021	0.08498208480506167	0.09891933457993932	0.08319420878087123	0.07968230854061288	0.08530592981286435	0.07348928557083761	0.13203813252055596	0.13169834124672036	0.10436559793409812	0.09974201915622143	0.13700941157724203	0.12306132805436427	0.1654711667957787	0.0548165896285721	0.10970598666959126	0.04811561094708394	0.06602945631282738	0.05227439473844451	0.12535797768816348	0.09847093734227719	0.08324105559367385	0.12260568173280768	0.18950113506952096	0.06373239217941541	0.1572293302505525	0.06083969433473203	0.043913244419932274	0.0	0.03823195587656521	0.050402687408449956	0.052495910864467775	0.06332812746284389	0.060067852231703	0.08207297530398912	0.07704526942089909	0.1046557874040439	0.1321087797214579	0.1252341465389523	0.13744419276630632
CM439	0.08161239745466495	0.11077484526480208	0.10433084561634264	0.1780266396514358	0.14575472900745576	0.1890564521938282	0.18415084213511312	0.09525731734330639	0.10881719008707477	0.08613835685508092	0.08892378831309845	0.09284625689507142	0.0868382944423377	0.1385852109320858	0.13981001578126728	0.11563795141742782	0.11343517342451215	0.15903798811169798	0.1454691878025357	0.18694263157790655	0.0668101021489596	0.1300720673805417	0.05318327088936349	0.050662858986462965	0.05432994695936058	0.1495826013400843	0.12387421447830574	0.10933086449642285	0.14807013040996211	0.20049396484288767	0.07687677024152728	0.16991552207736402	0.03806639187785637	0.03194248854462845	0.03823195587656521	0.0	0.05543773001470539	0.037386943245336306	0.06693942747334591	0.06705118684235827	0.10740153635307144	0.09716111960589047	0.1317610504479119	0.16167541929409077	0.15329444752048138	0.1551993140596344
CM441	0.07118048825159992	0.07001823399179107	0.06261761288838283	0.16823481268467888	0.12715805100178038	0.1833573630092937	0.18493344129912084	0.06842688897938193	0.0832807650272012	0.06095330811521536	0.061157484303104526	0.05944217710936919	0.05414666177602049	0.11241325787163947	0.10916530405616022	0.11292604037162488	0.1024130151528353	0.13511910275431688	0.1344535877352691	0.16535380716903286	0.052686947095824395	0.10898960965040126	0.03257903187800096	0.04435136430612804	0.03147255524949065	0.12334437452324039	0.09892364688664428	0.08495130112139382	0.12206762783102229	0.19720617371650356	0.05893263927473088	0.14931493158918094	0.0734152918369374	0.06007461139607319	0.050402687408449956	0.05543773001470539	0.0	0.04041662876783027	0.05247953533648891	0.04194468087156456	0.08033965068124566	0.08766888022159505	0.11035085718044689	0.14548588793534875	0.1397770846582757	0.12549942406012457
CM443	0.07965467414482498	0.09438107874222172	0.09012121199677507	0.17780835193228983	0.13177600666167383	0.18776982461868036	0.17835842769724908	0.0834011224861403	0.09556538365588105	0.06943259458445097	0.08219971360585902	0.07556641171046885	0.07232754822936382	0.12183310181789112	0.12178666317278485	0.12053566097416071	0.11685607059931866	0.15591452115517757	0.14963599242080194	0.18165086521636936	0.06310404770452965	0.12280782440390012	0.04736044627355727	0.03919538527365482	0.0423999542807412	0.13842677601098521	0.11484645828147681	0.10126077168312302	0.13841930651823292	0.20171205893045163	0.07104965280847512	0.16205518009032044	0.05196412008344521	0.04391284085857987	0.052495910864467775	0.037386943245336306	0.04041662876783027	0.0	0.0505764413189497	0.047525146009263726	0.10015118171386898	0.10334751013037226	0.13025841212120326	0.16171072471503817	0.15529525139395225	0.14420228841612254
CM444	0.0773490040915878	0.07648180727706523	0.06658656770834925	0.17339827508427486	0.14265242234068765	0.19436272716432212	0.1896710918402332	0.08986275415505603	0.09160813828935285	0.08463569756564293	0.09437318515760142	0.07955725477927399	0.06455974419520237	0.11909564709524818	0.11937804517754487	0.1382729760782515	0.12195150311346632	0.14347186339694237	0.14383255349147409	0.1662648922918055	0.0769305861061035	0.09618071325794081	0.06383749297124204	0.061694498344151576	0.06132994115747245	0.10676151866075709	0.08315592043700418	0.07703310252153156	0.10786451866715863	0.19038602259778348	0.05559623714146965	0.16071631435968817	0.07989021673704295	0.06380675430889479	0.06332812746284389	0.06693942747334591	0.05247953533648891	0.0505764413189497	0.0	0.02354976662330738	0.06456073145665095	0.09787570162696448	0.10114880080672548	0.13284780192470858	0.13484280860230455	0.13875309821400297
CM452	0.06824030679646051	0.07031099887318018	0.05973775105669071	0.16488186323601506	0.13880480726834368	0.19066115085377547	0.18273621504085089	0.08479306384027338	0.08984923217069159	0.08043729012791946	0.08862804614896956	0.07402166871166241	0.05823803608510424	0.119209130446529	0.11824953959263614	0.1304034770574246	0.12108071011862523	0.13732225750065438	0.14232428274082087	0.16264490625689645	0.07233496901317196	0.10100874339217779	0.05893704326938251	0.05738143073747332	0.056204060623591984	0.11166933799123498	0.08813902505946865	0.07952578134196336	0.11032180805994729	0.1939297549389162	0.05847471710437685	0.15368794937632752	0.07927539467630859	0.06351405658029935	0.060067852231703	0.06705118684235827	0.04194468087156456	0.047525146009263726	0.02354976662330738	0.0	0.0674681042949994	0.09476408389857978	0.09876431966597228	0.13415669476461767	0.13232477784243718	0.12900707382000826
CM469	0.08532016114546963	0.07391088110333234	0.061387489831687576	0.1534924525834504	0.15407948341999975	0.2112454824107588	0.21993837756985213	0.10433601847849598	0.10276783151297264	0.10550650166622116	0.11123078439661542	0.09953216168470505	0.08041640771024823	0.12329994359794533	0.12301295691771527	0.15301479429892553	0.1292941406077587	0.14152623295873348	0.12906578782569142	0.14889786543537542	0.09704310262184337	0.09724227849794574	0.0882455923015137	0.10024595655909947	0.08492332327010867	0.09654510357312125	0.07616499551592792	0.06203492998939251	0.0775847503500588	0.1771440414400598	0.06744226353369734	0.16843488920684335	0.12283188458602061	0.10728544739717537	0.08207297530398912	0.10740153635307144	0.08033965068124566	0.10015118171386898	0.06456073145665095	0.0674681042949994	0.0	0.0740251931364948	0.059076294275477434	0.08487750929587855	0.09433686050862339	0.1347591247166992
CM471	0.09926403454271233	0.0920716855812646	0.08543624060835553	0.143205222070109	0.15212093206076385	0.23912640577268135	0.24893119619445767	0.08533274866683954	0.09624189685577125	0.09496596200123081	0.08106706957072306	0.08955594618849343	0.0851790084748163	0.12756992399413897	0.12701287734521516	0.11451241099408041	0.09052127643687227	0.12575615537411233	0.08755197942127504	0.14524293416652323	0.06646774678605397	0.09683144372995427	0.08488132503881798	0.09641432288346334	0.08902809975214218	0.10480136339259498	0.0770658234411822	0.06302414341166006	0.09698183818233877	0.18386660720336048	0.1001741356983443	0.16922377910487207	0.10317775527526442	0.08816650946704879	0.07704526942089909	0.09716111960589047	0.08766888022159505	0.10334751013037226	0.09787570162696448	0.09476408389857978	0.0740251931364948	0.0	0.058756639555214686	0.08420125697794802	0.07525679509636211	0.1365282369254678
CM535	0.10610963473431351	0.08846413933369304	0.08071590043124793	0.13791292750449471	0.14857385084492097	0.24873994007099032	0.2540141479484383	0.09168576159384913	0.0812323528208737	0.10415318438696748	0.10858387485532141	0.09314992634321641	0.08501592100480719	0.11465483730490852	0.11722911094248084	0.1356371027228286	0.10079110967457272	0.11345666595309142	0.0910612503559137	0.13031317301657028	0.09439316125538257	0.07104322142376482	0.11520147029765092	0.12901776305946036	0.11472539446440623	0.07930813721554351	0.05409472890839527	0.057084722937077045	0.070346027483913	0.18059058119378518	0.09906052248863709	0.17205119732959556	0.1460865187132565	0.13038215272441508	0.1046557874040439	0.1317610504479119	0.11035085718044689	0.13025841212120326	0.10114880080672548	0.09876431966597228	0.059076294275477434	0.058756639555214686	0.0	0.05861251107726101	0.05576816641066572	0.12974675418297016
