	CM009	CM021	CM025	CM039	CM078	CM086	CM095	CM110	CM118	CM126	CM153	CM165	CM166	CM176	CM179	CM181	CM182	CM183	CM184	CM196	CM198	CM199	CM213	CM215	CM219	CM222	CM229	CM230	CM246	CM253	CM254	CM257	CM259	CM260	CM261	CM262	CM266	CM268	CM271	CM293	CM362	CM372	CM383	CM411	CM436	CM437	CM438	CM439	CM441	CM443	CM444	CM448	CM449	CM452	CM469	CM471	CM482	CM518	CM524	CM535	CM538	CM540	CM557
CM009	0.0	0.23429743861274738	0.25203521080150904	0.3816599377854259	0.3778211661923357	0.3446952147726521	0.3448606790654577	0.4894102852604408	0.5127076576874711	0.4927526639751142	0.44473492620292543	0.5442451518962208	0.5552650737970746	0.3048845059236217	0.3115692633529684	0.29618108412204647	0.33764643589913296	0.31765834932821496	0.3051161559335495	0.3712687801972334	0.37656363756701305	0.378979416241975	0.3600172082864518	0.34545635051955786	0.3421139718048845	0.35349791514991064	0.3693163015421272	0.3796412734131974	0.3074657488913892	0.34780594347739757	0.3064729631345556	0.2780131047719902	0.2975709841816136	0.2778476404791846	0.3512806936263154	0.3389701502415779	0.36928320868356607	0.37242703024687274	0.33807664306042756	0.35134687934343767	0.6773115361704944	0.2915811767820504	0.4327884042623602	0.3089880203852009	0.30660533456880007	0.2923754053875174	0.2729829902706996	0.2950890197895294	0.26973989013170957	0.2769541332980343	0.2870474551591766	0.282282083526375	0.2927063339731286	0.2731815474220663	0.30557945595340524	0.33288106426633135	0.32616321397842346	0.28575683367529287	0.3390363359587001	0.3333112714276259	0.3849692236415382	0.38966840955721754	0.3179561850552651
CM021	0.23429743861274738	0.0	0.156396849559865	0.39516182407836387	0.3477066649017142	0.282811569263353	0.3069362631544113	0.4816665563571381	0.5083063074988418	0.46654311999470516	0.3852339665100271	0.511615593354954	0.5055926930968297	0.25451717519359324	0.2547819180620822	0.24587993910914024	0.27030246872724867	0.236084452975048	0.23598517439936462	0.29492355549672383	0.30587729168045535	0.3074326560328281	0.3447283076312132	0.32642795684691245	0.30041697001787016	0.28244754781918063	0.3267919782910848	0.31911443510490434	0.28165331921371367	0.28287775498047524	0.26040770401747304	0.26001058971473956	0.27880733337745717	0.254186246607982	0.26560328281156925	0.27529949036997814	0.30395790588391025	0.325236613938712	0.2826461049705474	0.2614004897743067	0.659375206830366	0.22526308822556093	0.4001919385796545	0.3070355417300946	0.3510821364749487	0.3229862995565557	0.2873121980276656	0.3260639354027401	0.21738698788801378	0.26782050433516447	0.229333509828579	0.266066582831425	0.2875438480375935	0.22168905950095968	0.26765504004235885	0.3301674498643193	0.22201998808657092	0.28688199086637106	0.32530279965583425	0.3034946058640545	0.3836124164405321	0.40260771725461647	0.25603944668740486
CM025	0.25203521080150904	0.156396849559865	0.0	0.4101859818651135	0.3802038520087365	0.3222251638096499	0.29958964855384207	0.5056919716725131	0.5155867363822887	0.4894433781190019	0.4191872393937388	0.536203587265868	0.526739029717387	0.2562380038387716	0.27192401879674366	0.2636177112979019	0.2712621616255212	0.24382818187835065	0.25071149645906415	0.31163544907009066	0.3348335429214376	0.3378780859090608	0.3444635647627242	0.33350982857899264	0.305778013104772	0.2988285128069363	0.3207690780329605	0.3278178569064796	0.29866304851413067	0.29409623403269575	0.2635846184393408	0.263915547024952	0.277152690449401	0.25484810377920447	0.2817195049308359	0.27424051889602225	0.31924680653914883	0.32285392812231123	0.26394863988351314	0.2833079621417698	0.631279369911973	0.24495333906942882	0.4311999470514263	0.2996558342709643	0.34065788602819513	0.3074657488913892	0.28807333377457145	0.3211000066185717	0.21983585942153683	0.25891852538222254	0.22628896684095573	0.2619630683698458	0.2823813621020584	0.21781719504930835	0.24988417499503607	0.31861804222648754	0.22681845257793368	0.30356079158117677	0.3595870011251572	0.2830763121318419	0.36587464425177046	0.37967436627175855	0.2793699119729962
CM039	0.3816599377854259	0.39516182407836387	0.4101859818651135	0.0	0.3899000595671454	0.38159375206830365	0.4550598980739956	0.4801442848633265	0.5082401217817195	0.4948375140644649	0.3259646568270567	0.5781653319213713	0.5827321464028062	0.4680653914885168	0.4539678337414786	0.43702429015818384	0.44701833344364283	0.43493944006883317	0.4344099543318552	0.47964789198490965	0.4478125620491098	0.4320934542325766	0.3263948639883513	0.34380170759150175	0.39873585280296514	0.38321530213779864	0.40886226752266863	0.36514660136342575	0.39377192401879674	0.43434376861473295	0.38162684492686477	0.4457608048183202	0.4885498709378516	0.46363094844132635	0.43272221854523796	0.43718975445098945	0.49116420676418027	0.5201204580051625	0.4775299490369978	0.4058839102521676	0.7289033026672844	0.4401350188629294	0.44228605466940235	0.383049837844993	0.45641670527500167	0.4409954331855186	0.4123701105301476	0.44844132636177114	0.4313654113442319	0.45403401945860083	0.43996955457012377	0.4575087696075187	0.44010192600436826	0.4138592891653981	0.4101859818651135	0.37050764445032763	0.4070090674432457	0.39909987424713744	0.377093123303991	0.3829174664107486	0.3190813422463432	0.3463829505592693	0.3500562578595539
CM078	0.3778211661923357	0.3477066649017142	0.3802038520087365	0.3899000595671454	0.0	0.27218876166523265	0.41283341055000333	0.3329472499834536	0.36233370838573037	0.30243563439009863	0.26878019723343705	0.3815606592097425	0.3960553312595142	0.3493282149712092	0.35601297240055596	0.26520616850883577	0.31434906347210273	0.2822489906678139	0.3051161559335495	0.34737573631610297	0.34261036468330136	0.343603150440135	0.28383744787874776	0.2657025613872526	0.3262293996955457	0.3296048712687802	0.39158779535376265	0.34363624329869613	0.2681183400622146	0.3828181878350652	0.3186842279436098	0.2666291614269641	0.283638890727381	0.2844662121914091	0.3986696670858429	0.3827850949765041	0.420312396584817	0.43096829704149847	0.40965649612813554	0.3788470448077305	0.6954464226619895	0.2867827122906877	0.41544774637633197	0.27324773313918854	0.310642663313257	0.3119332847971408	0.29383149116420676	0.2786087762260904	0.30723409888146136	0.2803626977298299	0.3054801773777219	0.30190614865312065	0.3053808988020385	0.3212323780528162	0.38569726652988284	0.3774240518896022	0.33423787146733736	0.2854920908068039	0.26083791117876765	0.3984049242173539	0.4498643192798994	0.44910318353299356	0.3381097359189887
CM086	0.3446952147726521	0.282811569263353	0.3222251638096499	0.38159375206830365	0.27218876166523265	0.0	0.3088556489509564	0.37653054470845193	0.41366073201403136	0.3558144152491892	0.29528757694089613	0.410318353299358	0.4160765106889933	0.24458931762525646	0.23436362432986962	0.23270898140181348	0.27103051161559333	0.2310874313323185	0.23661393871202593	0.3112383347673572	0.2740088688860944	0.2619961612284069	0.28095836918393013	0.28916539810708847	0.24948706069230261	0.2689787543848038	0.31133761334304055	0.2643126613276855	0.2601760540075452	0.3041895558938381	0.24809716063273546	0.24280230326295585	0.2581242967767556	0.2334370242901582	0.2841352836057979	0.302270170097293	0.34747501489178634	0.3895029452644119	0.3584287510755179	0.2677543186180422	0.6562644781256205	0.23820239592295983	0.36557680852472035	0.3329472499834536	0.345754186246608	0.33192137136805877	0.3123965848169965	0.31355483486663577	0.27261896882652725	0.2720894830895493	0.29942418426103645	0.3204381494473493	0.34118737176517305	0.2947249983453571	0.34734264345754184	0.3682242372096102	0.26454431133761336	0.31262823482692437	0.28496260506982596	0.37464425177046795	0.39449996690714145	0.41376001058971473	0.1824409292474684
CM095	0.3448606790654577	0.3069362631544113	0.29958964855384207	0.4550598980739956	0.41283341055000333	0.3088556489509564	0.0	0.539181944536369	0.5507644450327619	0.541597723211331	0.4235885895823681	0.5826328678271229	0.5894830895492753	0.24015487457806606	0.23297372427030247	0.2561056324045271	0.2514395393474088	0.25954728969488383	0.27053411873717653	0.269044940101926	0.29631345555629096	0.3003176914421868	0.3441657290356741	0.3224237209610166	0.22029915944139256	0.2415778674961943	0.21040439473161693	0.2695082401217817	0.315242570653253	0.17602091468661063	0.20924614468197764	0.2654047256602025	0.2731815474220663	0.27546495466278376	0.20236283010126416	0.19984777285061883	0.20835263750082733	0.20901449467204977	0.1821430935204183	0.2340326957442584	0.6382619630683698	0.2970084055860745	0.450824012178172	0.3237474353034615	0.3228208352637501	0.3054801773777219	0.29912634853398634	0.3098815275663512	0.26083791117876765	0.28628631941227084	0.30878946323383416	0.27030246872724867	0.29105169104507245	0.30544708451916075	0.28714673373486	0.2677543186180422	0.26795287576940896	0.29012509100536105	0.35998411542789066	0.2810907406181746	0.3347342643457542	0.324409292474684	0.32503805678734526
CM110	0.4894102852604408	0.4816665563571381	0.5056919716725131	0.4801442848633265	0.3329472499834536	0.37653054470845193	0.539181944536369	0.0	0.16457078562446223	0.19547951552055068	0.3659408299688927	0.30809451320405057	0.317393606459726	0.4714739559203124	0.4735918988682242	0.4125355748229532	0.4307035541730095	0.42200013237143424	0.4271295254484082	0.49477132834734266	0.46214176980607585	0.4266000397114303	0.4074392746045403	0.422198689522801	0.506221457409491	0.49526772122575946	0.5577470381891588	0.48993977099741876	0.4266331325699914	0.530809451320405	0.46095042689787546	0.411939903368853	0.4533059765702561	0.4296114898404924	0.5309749156132106	0.5257462439605534	0.5548017737772188	0.573201403137203	0.5508968164670064	0.5088357932358197	0.7107684161757892	0.4387782116619234	0.39320934542325764	0.42981004699185915	0.45304123370176713	0.4486398835131379	0.42832086835660865	0.4364948044212059	0.43219273280826	0.4267324111456748	0.44701833344364283	0.4585015553643524	0.43715666159242833	0.44509894764709773	0.5121119862333708	0.5325964656827057	0.4491693692501158	0.4191872393937388	0.35038718644516514	0.5690978886756238	0.5899794824276922	0.6042425044675359	0.4303395327288371
CM118	0.5127076576874711	0.5083063074988418	0.5155867363822887	0.5082401217817195	0.36233370838573037	0.41366073201403136	0.5507644450327619	0.16457078562446223	0.0	0.23121980276656298	0.3885432523661394	0.3067707988616057	0.3153749420874975	0.4892779138261963	0.49281884969223644	0.43666026871401153	0.4520815408034946	0.44351049043616386	0.45777351247600767	0.5010258786153948	0.4813356277715269	0.44923555496723805	0.4447018333443643	0.44609173340393143	0.5292209941094712	0.5198557151366735	0.5806472963134556	0.511350850486465	0.45668144814349065	0.5529816665563572	0.4921900853795751	0.43814944734926203	0.4626050698259316	0.45333906942881724	0.5558607452511748	0.5508637236084453	0.5760804818320207	0.5837911178767622	0.561850552650738	0.5340194586008339	0.7117612019326229	0.46856178436693363	0.4075716460387848	0.46445826990535444	0.4819312992256271	0.47021642729498975	0.4779270633397313	0.4678006486200278	0.45198226222781124	0.43242438281818785	0.46598054139916606	0.47637169898735854	0.4489708120987491	0.45297504798464494	0.5336223442981005	0.5554967238070024	0.46641074856046066	0.4440068833145807	0.371698987358528	0.592924746839632	0.6118538619365941	0.6291945198226223	0.46664239857038853
CM126	0.4927526639751142	0.46654311999470516	0.4894433781190019	0.4948375140644649	0.30243563439009863	0.3558144152491892	0.541597723211331	0.19547951552055068	0.23121980276656298	0.0	0.34310675756171816	0.29148189820636705	0.30865709179958967	0.47038189158779536	0.4753458203719637	0.4034019458600834	0.41746641074856045	0.41051691045072475	0.415183003507843	0.4893110066847574	0.46512012707657685	0.4372559401681117	0.41462042491230394	0.40568535310080084	0.4923224568138196	0.5046991859156794	0.5571182738764975	0.5031438215633066	0.40846515321993515	0.53537626580184	0.46419352703686545	0.3945992454828248	0.4190548679594943	0.40912701039115756	0.5334237871467338	0.5285591369382487	0.5639354027400887	0.5722748030974916	0.5524190879608181	0.5172082864517837	0.711231716195645	0.4171354821629492	0.3784168376464359	0.42623601826725793	0.4453636905155867	0.43318551856509363	0.42024621086769476	0.40158183863922164	0.41213846052021974	0.38271890925938185	0.42845323979085315	0.44132636177112977	0.4323912899596267	0.4234562181481236	0.5254815010920644	0.5412337017671587	0.45800516248593554	0.4301740684360315	0.3430074789860348	0.5748560460652591	0.5949434112118605	0.6089416903832153	0.4325236613938712
CM153	0.44473492620292543	0.3852339665100271	0.4191872393937388	0.3259646568270567	0.26878019723343705	0.29528757694089613	0.4235885895823681	0.3659408299688927	0.3885432523661394	0.34310675756171816	0.0	0.3792110662519028	0.3879475809120392	0.39162088821232377	0.3862267522668608	0.3328479714077702	0.33890396452445565	0.3372824144549606	0.3392018002515057	0.4344430471904163	0.3836124164405321	0.35998411542789066	0.22751340260771724	0.2502481964392084	0.34383480045006287	0.3238467138791449	0.3767621947183798	0.3191806208220266	0.3059765702561387	0.39833873850023166	0.3293732212588523	0.3451916076510689	0.39115758819246804	0.3756370375273016	0.39956317426699317	0.4037328744456946	0.4533059765702561	0.48907935667482955	0.453008140843206	0.39026408101131776	0.6946521940565226	0.37891323052485276	0.39493017406843606	0.3372824144549606	0.4219670395128731	0.4057846316764842	0.3737176517307565	0.39297769541332983	0.37391620888212324	0.38348004500628763	0.40227678866900524	0.4208749751803561	0.4050565887881395	0.380336223442981	0.4313323184856708	0.39066119531405125	0.3647163942021312	0.4082335032100073	0.3536964723012774	0.42683168972135815	0.4234231252895625	0.42981004699185915	0.31338937057383015
CM165	0.5442451518962208	0.511615593354954	0.536203587265868	0.5781653319213713	0.3815606592097425	0.410318353299358	0.5826328678271229	0.30809451320405057	0.3067707988616057	0.29148189820636705	0.3792110662519028	0.0	0.12783771262161625	0.47610695611886955	0.4904030710172745	0.43172943278840425	0.4505923621682441	0.440035740287246	0.4578396981931299	0.5286584155139321	0.4862995565556953	0.4649546627837713	0.48308954927526637	0.4837183135879277	0.5368985372956516	0.545370309087299	0.5935866040108545	0.5452379376530545	0.4623403269574426	0.5808458534648223	0.5335230657224171	0.4645244556224767	0.45304123370176713	0.45654907670924616	0.5744258389039645	0.5725726388245417	0.5997749685617844	0.6089416903832153	0.5995433185518565	0.5534118737176518	0.7361506386921702	0.4696207558408895	0.4695545701237673	0.5146932292011384	0.5106559004566814	0.5044344430471904	0.5030114501290621	0.47700046330001983	0.4763386061287974	0.4557548481037792	0.5002316500099279	0.5208485008935072	0.5169435435832948	0.4887815209477795	0.5817724535045338	0.6141372691773115	0.498378449930505	0.5251505725064531	0.4564497981335628	0.6406446488847707	0.6693361572572639	0.6797604077040175	0.48269243497253295
CM166	0.5552650737970746	0.5055926930968297	0.526739029717387	0.5827321464028062	0.3960553312595142	0.4160765106889933	0.5894830895492753	0.317393606459726	0.3153749420874975	0.30865709179958967	0.3879475809120392	0.12783771262161625	0.0	0.4698854987093785	0.48669667085842877	0.43215963994969886	0.44681977629227615	0.44228605466940235	0.46048712687801974	0.5287907869481766	0.4823615063869217	0.46323383413859287	0.48447944933483356	0.49238864253094183	0.5445429876232709	0.5468925805811106	0.6005691971672513	0.5525183665365014	0.4690250843867893	0.5865378251373353	0.5433185518565093	0.46488847706664904	0.461645376927659	0.46005691971672513	0.580746574889139	0.5787940962340327	0.6000397114302733	0.6114567476338606	0.6095373618373155	0.5556290952412469	0.7401879674366272	0.4723674631014627	0.48378449930504996	0.526209543980409	0.5189622079555232	0.5171090078761004	0.5070487788735191	0.49023760672446887	0.4733933417168575	0.4598583625653584	0.5008604143225892	0.5247865510622808	0.5210801509034351	0.49242173538950296	0.5870673108743133	0.6236018267257926	0.5060890859752465	0.5369647230127739	0.4667085842875108	0.6507710636044741	0.6788999933814283	0.6883645509299093	0.4860017208286452
CM176	0.3048845059236217	0.25451717519359324	0.2562380038387716	0.4680653914885168	0.3493282149712092	0.24458931762525646	0.24015487457806606	0.4714739559203124	0.4892779138261963	0.47038189158779536	0.39162088821232377	0.47610695611886955	0.4698854987093785	0.0	0.10176054007545171	0.17062677874114765	0.19167383678602157	0.16258521411079488	0.17181812164934807	0.24895757495532464	0.2443245747567675	0.23955920312396584	0.2930372625587398	0.2783109404990403	0.22824144549606196	0.24108147461777749	0.2697729829902707	0.2928387054073731	0.22010060229002582	0.2387649745184989	0.21642729498974123	0.19415580117810577	0.19547951552055068	0.1706929644582699	0.23449599576411412	0.2303593884439738	0.24687272486597392	0.24396055331259514	0.25190283936726454	0.26120193262293995	0.6399496988549871	0.2355218743795089	0.4245482824806407	0.2802303262955854	0.28410219074723675	0.28440002647428686	0.2792044476801906	0.29366602687140114	0.2231782381362102	0.24379508901978952	0.24386127473691177	0.26629823284135284	0.29929181282679196	0.25104242504467533	0.30015222714938117	0.31570587067310873	0.25014891786352506	0.3011119200476537	0.3514130650605599	0.31971010655900456	0.3967502812892978	0.3985372956515984	0.2892315838242107
CM179	0.3115692633529684	0.2547819180620822	0.27192401879674366	0.4539678337414786	0.35601297240055596	0.23436362432986962	0.23297372427030247	0.4735918988682242	0.49281884969223644	0.4753458203719637	0.3862267522668608	0.4904030710172745	0.48669667085842877	0.10176054007545171	0.0	0.19117744390760474	0.21444172347607388	0.176384936130783	0.1768813290091998	0.2502481964392084	0.23998941028526044	0.2369779601561983	0.30660533456880007	0.3006155271692369	0.24012178171950493	0.23883116023562115	0.2671255543053809	0.2706333973128599	0.23631610298497585	0.2255278310940499	0.214474816334635	0.2130187305579456	0.21957111655304784	0.1891918723939374	0.2155337878085909	0.2141769806075849	0.23029320272685155	0.2537229465881263	0.25190283936726454	0.23545568866238667	0.6341584486067906	0.22754649546627836	0.41227083195446423	0.303891720166788	0.30571182738764974	0.2962472698391687	0.292011383943345	0.3074657488913892	0.2437619961612284	0.26206234694552916	0.25412006089085976	0.2823813621020584	0.31491164206764183	0.27096432589847114	0.2892315838242107	0.3212323780528162	0.239062810245549	0.28890065523859954	0.3311271427625918	0.3082599774968562	0.3734529088622675	0.39433450261433584	0.27559732609702825
CM181	0.29618108412204647	0.24587993910914024	0.2636177112979019	0.43702429015818384	0.26520616850883577	0.23270898140181348	0.2561056324045271	0.4125355748229532	0.43666026871401153	0.4034019458600834	0.3328479714077702	0.43172943278840425	0.43215963994969886	0.17062677874114765	0.19117744390760474	0.0	0.13323184856707923	0.0986498113707062	0.13412535574822954	0.24399364617115626	0.252829439406976	0.23916208882123238	0.2669600900125753	0.24141240320338872	0.21282017340657886	0.22063008802700376	0.26927659011185384	0.28056125488119665	0.19114435104904362	0.21559997352571314	0.1836322721556688	0.14094248461182077	0.1427625918326825	0.12370110530147595	0.2327420742603746	0.2136144020120458	0.2643126613276855	0.25835594678668344	0.23237805281620227	0.28016414057846317	0.640743927460454	0.22483288106426633	0.3866569594281554	0.2469720034416573	0.2477331391885631	0.2438943675954729	0.23823548878152095	0.2365808458534648	0.17310874313323185	0.1753590575153882	0.20841882321794958	0.2113971804884506	0.22810907406181746	0.2083195446422662	0.28658415513932095	0.3067707988616057	0.2371434244490039	0.24779932490568535	0.28519425507975377	0.3054801773777219	0.38526705936858824	0.37937653054470843	0.2771857833079621
CM182	0.33764643589913296	0.27030246872724867	0.2712621616255212	0.44701833344364283	0.31434906347210273	0.27103051161559333	0.2514395393474088	0.4307035541730095	0.4520815408034946	0.41746641074856045	0.33890396452445565	0.4505923621682441	0.44681977629227615	0.19167383678602157	0.21444172347607388	0.13323184856707923	0.0	0.12985637699384472	0.1449467204977166	0.2985306770798862	0.2978688199086637	0.2808921834668079	0.2622609040968959	0.2424051889602224	0.23648156727778147	0.24985108213647494	0.2655040042358859	0.31067575617181814	0.22718247402210603	0.2596134754120061	0.22503143821563307	0.14835528492951222	0.16271758554503937	0.1592097425375604	0.26206234694552916	0.24822953206697995	0.28780859090608246	0.2761268118340062	0.2465748891389238	0.30531471308491626	0.644781256204911	0.25822357535243895	0.41875703223244426	0.24961943212654708	0.2617314183599179	0.2472698391687074	0.2305579455953405	0.25233304652855915	0.16255212125223376	0.1953802369448673	0.23277516711893573	0.2178833807664306	0.23810311734727646	0.2186114236547753	0.31355483486663577	0.2917135482162949	0.2552452180819379	0.2994903699781587	0.3393672645443113	0.3297372427030247	0.4001919385796545	0.3896353166986564	0.292805612548812
CM183	0.31765834932821496	0.236084452975048	0.24382818187835065	0.43493944006883317	0.2822489906678139	0.2310874313323185	0.25954728969488383	0.42200013237143424	0.44351049043616386	0.41051691045072475	0.3372824144549606	0.440035740287246	0.44228605466940235	0.16258521411079488	0.176384936130783	0.0986498113707062	0.12985637699384472	0.0	0.10827983321199285	0.24366271758554503	0.23975776027533258	0.2290356741015289	0.2681514329207757	0.24561519624065126	0.2152359520815408	0.21540141637434643	0.2792044476801906	0.2870474551591766	0.20474551591766496	0.21235687338672316	0.18723939373883117	0.1417367132172877	0.1534515851479251	0.12823482692434973	0.22089483089549275	0.2018664372228473	0.2503805678734529	0.2495201535508637	0.23290753855318022	0.273644847441922	0.6375670130385863	0.2171553378780859	0.3930107882718909	0.2580250182010722	0.2714276259183268	0.25329273942683167	0.24647561056324047	0.24856046065259116	0.16490171421007346	0.18287113640876299	0.19074723674631014	0.21887616652326428	0.23899662452842677	0.19164074392746044	0.2774505261764511	0.3037593487325435	0.22602422397246674	0.26146667549142893	0.3099477132834734	0.2954861340922629	0.3756370375273016	0.37805281620226355	0.2703355615858098
CM184	0.3051161559335495	0.23598517439936462	0.25071149645906415	0.4344099543318552	0.3051161559335495	0.23661393871202593	0.27053411873717653	0.4271295254484082	0.45777351247600767	0.415183003507843	0.3392018002515057	0.4578396981931299	0.46048712687801974	0.17181812164934807	0.1768813290091998	0.13412535574822954	0.1449467204977166	0.10827983321199285	0.0	0.25782646104970547	0.257164603878483	0.2449202462108677	0.26530544708451914	0.2512740750546032	0.2363822887020981	0.2195049308359256	0.2660996756899861	0.2793699119729962	0.19269971540141637	0.21093388046859488	0.18088556489509564	0.1317426699318287	0.16198954265669468	0.1344893771924019	0.20501025878615395	0.19217022966443842	0.24247137467734464	0.2571976967370441	0.21973658084585346	0.25263088225560926	0.6347541200608908	0.20282613012111986	0.3844397379045602	0.24971871070223045	0.2713945330597657	0.24640942484611822	0.22585875967966113	0.2548811966377656	0.16513336422000133	0.19491693692501158	0.16665563571381295	0.20424912303924814	0.22635515255807798	0.17277781454762062	0.25137335363028657	0.28986034813687206	0.22744721689059502	0.24885829637964127	0.2980011913429082	0.2878416837646436	0.35243894367595474	0.36038122973062414	0.26517307565027465
CM196	0.3712687801972334	0.29492355549672383	0.31163544907009066	0.47964789198490965	0.34737573631610297	0.3112383347673572	0.269044940101926	0.49477132834734266	0.5010258786153948	0.4893110066847574	0.4344430471904163	0.5286584155139321	0.5287907869481766	0.24895757495532464	0.2502481964392084	0.24399364617115626	0.2985306770798862	0.24366271758554503	0.25782646104970547	0.0	0.1557018995300814	0.17959494341121185	0.39787543848037593	0.37120259448011117	0.29187901250910053	0.30134357005758156	0.33807664306042756	0.3270236283010126	0.321993513799722	0.23651466013634256	0.2607717254616454	0.2800317691442187	0.27053411873717653	0.24995036071215831	0.25534449665762127	0.254186246607982	0.20299159441392547	0.2227480309749156	0.24925541068237475	0.27453835462307236	0.6367065987159971	0.2591170825335892	0.40912701039115756	0.35392812231120524	0.3459527433979747	0.3434707790058905	0.34863326494142566	0.34793831491164207	0.2887351909457939	0.3052154345092329	0.27913826196306835	0.31818783506519294	0.33966510027136143	0.31914752796346546	0.3139188563108081	0.3612416440532133	0.2744721689059501	0.2999536699980144	0.31289297769541335	0.32861208551194654	0.4148189820636707	0.43093520418293735	0.34095572175524524
CM198	0.37656363756701305	0.30587729168045535	0.3348335429214376	0.4478125620491098	0.34261036468330136	0.2740088688860944	0.29631345555629096	0.46214176980607585	0.4813356277715269	0.46512012707657685	0.3836124164405321	0.4862995565556953	0.4823615063869217	0.2443245747567675	0.23998941028526044	0.252829439406976	0.2978688199086637	0.23975776027533258	0.257164603878483	0.1557018995300814	0.0	0.10957045469587663	0.3739823945992455	0.35981865113508504	0.29336819114435103	0.3006155271692369	0.3475412006089086	0.3250711496459064	0.3272883711695016	0.265801839962936	0.264709775630419	0.2868158051492488	0.27781454762062346	0.25984512542193394	0.2666291614269641	0.26189688265272354	0.22748030974915615	0.2671255543053809	0.30028459858362566	0.27589516182407836	0.6454431133761335	0.2834403335760143	0.3925474882520352	0.36653650142299293	0.36789330862399894	0.36574227281752597	0.3678271229068767	0.3705738301674499	0.2994903699781587	0.3200741280031769	0.2967767555761467	0.33777880733337745	0.37229465881262824	0.3223906281024555	0.3389701502415779	0.3760672446885962	0.2914157124892448	0.33615725726388246	0.3284466212191409	0.34833542921437555	0.41938579654510555	0.43583294724998345	0.3162353564100867
CM199	0.378979416241975	0.3074326560328281	0.3378780859090608	0.4320934542325766	0.343603150440135	0.2619961612284069	0.3003176914421868	0.4266000397114303	0.44923555496723805	0.4372559401681117	0.35998411542789066	0.4649546627837713	0.46323383413859287	0.23955920312396584	0.2369779601561983	0.23916208882123238	0.2808921834668079	0.2290356741015289	0.2449202462108677	0.17959494341121185	0.10957045469587663	0.0	0.36289628698126947	0.3552518366536501	0.2935998411542789	0.29618108412204647	0.3445628433384076	0.3174266993182871	0.3214309352041829	0.2651068899331524	0.2610033754715732	0.28162022635515255	0.28698126944205443	0.2571315110199219	0.26957442583890395	0.2613012111986233	0.2436296247269839	0.27751671189357335	0.30819379177973394	0.2756966046727116	0.6368058772916805	0.2812562049109802	0.3673969157455821	0.3685551657952214	0.37749023760672445	0.37322125885233964	0.36501422992918126	0.3761003375471573	0.29575087696075186	0.3199417565689324	0.297405519888808	0.34161757892646766	0.3674300086041432	0.3211000066185717	0.34512542193394663	0.3797405519888808	0.2883049837844993	0.3366536501422993	0.32341650671785027	0.35736977960156197	0.41614269640611556	0.4367264544311338	0.3035938844397379
CM213	0.3600172082864518	0.3447283076312132	0.3444635647627242	0.3263948639883513	0.28383744787874776	0.28095836918393013	0.3441657290356741	0.4074392746045403	0.4447018333443643	0.41462042491230394	0.22751340260771724	0.48308954927526637	0.48447944933483356	0.2930372625587398	0.30660533456880007	0.2669600900125753	0.2622609040968959	0.2681514329207757	0.26530544708451914	0.39787543848037593	0.3739823945992455	0.36289628698126947	0.0	0.1189357336686743	0.22794360976901185	0.22804288834469522	0.2677212257594811	0.2731815474220663	0.1864120722748031	0.31203256337282415	0.22675226686081143	0.25646965384869946	0.29412932689125687	0.2753987689456615	0.32176186378979416	0.3164670064200146	0.37365146601363425	0.40684360315044016	0.36306175127407503	0.3660401085445761	0.6881329009199815	0.3296379641273413	0.43682573300681715	0.20080746574889138	0.2869150837249322	0.28066053345688	0.2534912965781984	0.2811238334767357	0.28492951221126483	0.2937653054470845	0.30054934145211465	0.29479118406247934	0.2937322125885234	0.2940300483155735	0.35101595075782643	0.28469786220133697	0.32914157124892446	0.30501687735786615	0.345754186246608	0.32851280693626317	0.3350982857899265	0.3330465285591369	0.2830432192732808
CM215	0.34545635051955786	0.32642795684691245	0.33350982857899264	0.34380170759150175	0.2657025613872526	0.28916539810708847	0.3224237209610166	0.422198689522801	0.44609173340393143	0.40568535310080084	0.2502481964392084	0.4837183135879277	0.49238864253094183	0.2783109404990403	0.3006155271692369	0.24141240320338872	0.2424051889602224	0.24561519624065126	0.2512740750546032	0.37120259448011117	0.35981865113508504	0.3552518366536501	0.1189357336686743	0.0	0.20050963002184127	0.22900258124296777	0.2591832682507115	0.28469786220133697	0.16089747832417764	0.30425574161096036	0.23237805281620227	0.22926732411145676	0.26136739691574556	0.2445231319081342	0.3290422926732411	0.30617512740750547	0.3559467866834337	0.3582632867827123	0.33466807862863196	0.3464822291349527	0.682871136408763	0.29892779138261966	0.438943675954729	0.1587795353762658	0.25699913958567744	0.24379508901978952	0.21368058772916804	0.23307300284598584	0.2431663247071282	0.2573300681712886	0.2829439406975975	0.26838308293070356	0.265272354225958	0.262823482692435	0.33420477860877623	0.2541531537494209	0.3191806208220266	0.2891984909656496	0.3298696141372692	0.3060758488318221	0.3432060361374015	0.3129260705539745	0.3008802700377259
CM219	0.3421139718048845	0.30041697001787016	0.305778013104772	0.39873585280296514	0.3262293996955457	0.24948706069230261	0.22029915944139256	0.506221457409491	0.5292209941094712	0.4923224568138196	0.34383480045006287	0.5368985372956516	0.5445429876232709	0.22824144549606196	0.24012178171950493	0.21282017340657886	0.23648156727778147	0.2152359520815408	0.2363822887020981	0.29187901250910053	0.29336819114435103	0.2935998411542789	0.22794360976901185	0.20050963002184127	0.0	0.14428486332649415	0.15239261367396917	0.2167251307167913	0.20348798729234233	0.20901449467204977	0.18270567211595737	0.2134489377192402	0.21305182341650672	0.19544642266198956	0.23135217420080748	0.22473360248858296	0.2829439406975975	0.28201734065788603	0.24088291746641075	0.27847640479184593	0.6659606856840294	0.2759282546826395	0.43748759017803956	0.2072936660268714	0.2515388179230922	0.24141240320338872	0.22251638096498774	0.2347938314911642	0.23436362432986962	0.24382818187835065	0.2656694685286915	0.25292871798265937	0.2775498047521345	0.2656694685286915	0.28585611225097624	0.2071282017340658	0.28069362631544115	0.29641273413197433	0.3463829505592693	0.2299291812826792	0.2881726123502548	0.273909590310411	0.2794691905486796
CM222	0.35349791514991064	0.28244754781918063	0.2988285128069363	0.38321530213779864	0.3296048712687802	0.2689787543848038	0.2415778674961943	0.49526772122575946	0.5198557151366735	0.5046991859156794	0.3238467138791449	0.545370309087299	0.5468925805811106	0.24108147461777749	0.23883116023562115	0.22063008802700376	0.24985108213647494	0.21540141637434643	0.2195049308359256	0.30134357005758156	0.3006155271692369	0.29618108412204647	0.22804288834469522	0.22900258124296777	0.14428486332649415	0.0	0.17075915017539214	0.1651002713614402	0.23135217420080748	0.18929115096962076	0.17443245747567676	0.24571447481633463	0.27599444039976173	0.24687272486597392	0.20371963730227016	0.20600304454298762	0.26040770401747304	0.2965120127076577	0.25464954662783773	0.25216758223575353	0.6590442782447548	0.2918128267919783	0.4131312462770534	0.2640148256006354	0.32477331391885633	0.310907406181746	0.2737772188761665	0.31285988483685223	0.25689986100999407	0.30121119862333706	0.2644781256204911	0.2970084055860745	0.3066384274273612	0.2658349328214971	0.27288371169501624	0.2567674895757496	0.2578926467668277	0.28221589780925277	0.33966510027136143	0.23303990998742471	0.292011383943345	0.293897676881329	0.27314845456350517
CM229	0.3693163015421272	0.3267919782910848	0.3207690780329605	0.40886226752266863	0.39158779535376265	0.31133761334304055	0.21040439473161693	0.5577470381891588	0.5806472963134556	0.5571182738764975	0.3767621947183798	0.5935866040108545	0.6005691971672513	0.2697729829902707	0.2671255543053809	0.26927659011185384	0.2655040042358859	0.2792044476801906	0.2660996756899861	0.33807664306042756	0.3475412006089086	0.3445628433384076	0.2677212257594811	0.2591832682507115	0.15239261367396917	0.17075915017539214	0.0	0.174498643192799	0.240949103183533	0.19998014428486333	0.19541332980342843	0.26427956846912437	0.2866834337150043	0.272552783109405	0.210702230458667	0.19925210139651864	0.27546495466278376	0.292805612548812	0.2180157522006751	0.24707128201734066	0.6566284995697929	0.3197431994175657	0.4564828909921239	0.25971275398768945	0.3247402210602952	0.31259514196836324	0.2763915547024952	0.3118340062214574	0.28314249784896417	0.3189820636706599	0.30544708451916075	0.2989608842411808	0.3150771063604474	0.30071480574492027	0.287411476603349	0.2036203587265868	0.2973062413131246	0.3147461777748362	0.38672314514527767	0.22870474551591766	0.26735720431530874	0.24674035343172943	0.30015222714938117
CM230	0.3796412734131974	0.31911443510490434	0.3278178569064796	0.36514660136342575	0.34363624329869613	0.2643126613276855	0.2695082401217817	0.48993977099741876	0.511350850486465	0.5031438215633066	0.3191806208220266	0.5452379376530545	0.5525183665365014	0.2928387054073731	0.2706333973128599	0.28056125488119665	0.31067575617181814	0.2870474551591766	0.2793699119729962	0.3270236283010126	0.3250711496459064	0.3174266993182871	0.2731815474220663	0.28469786220133697	0.2167251307167913	0.1651002713614402	0.174498643192799	0.0	0.26202925408696803	0.2321133099477133	0.19931828711364089	0.29687603415183006	0.33453570719438747	0.31206565623138527	0.24386127473691177	0.2501820107220862	0.3170295850155536	0.3518432722218545	0.2966774770004633	0.2544840823350321	0.6506717850287908	0.2980342842014693	0.3944337811900192	0.3167648421470647	0.3729565159838507	0.3556820438149447	0.32262227811238336	0.35230657224171025	0.3134886491495135	0.34522470050963	0.3151101992190085	0.3434707790058905	0.3469124362962473	0.3140512277450526	0.29833211992851943	0.2954861340922629	0.265272354225958	0.3094844132636177	0.3284135283605798	0.2793699119729962	0.3028327486928321	0.31338937057383015	0.2556754252432325
CM246	0.3074657488913892	0.28165331921371367	0.29866304851413067	0.39377192401879674	0.2681183400622146	0.2601760540075452	0.315242570653253	0.4266331325699914	0.45668144814349065	0.40846515321993515	0.3059765702561387	0.4623403269574426	0.4690250843867893	0.22010060229002582	0.23631610298497585	0.19114435104904362	0.22718247402210603	0.20474551591766496	0.19269971540141637	0.321993513799722	0.3272883711695016	0.3214309352041829	0.1864120722748031	0.16089747832417764	0.20348798729234233	0.23135217420080748	0.240949103183533	0.26202925408696803	0.0	0.277152690449401	0.2116950162155007	0.18402938645840228	0.21060295188298364	0.19488384406645046	0.3034946058640545	0.2792375405387517	0.34218015752200676	0.3423456218148124	0.3015421272089483	0.3218611423654775	0.6676484214706466	0.2380038387715931	0.410847839036336	0.17340657886028196	0.24382818187835065	0.22284730955059898	0.19475147263220596	0.22201998808657092	0.2239062810245549	0.23151763849361306	0.23386723145145277	0.24584684625057912	0.26123502548150107	0.23360248858296379	0.3029320272685155	0.25822357535243895	0.2798993977099742	0.2726851545436495	0.31173472764577403	0.29393076973989013	0.3456218148123635	0.34462902905552983	0.2930372625587398
CM253	0.34780594347739757	0.28287775498047524	0.29409623403269575	0.43434376861473295	0.3828181878350652	0.3041895558938381	0.17602091468661063	0.530809451320405	0.5529816665563572	0.53537626580184	0.39833873850023166	0.5808458534648223	0.5865378251373353	0.2387649745184989	0.2255278310940499	0.21559997352571314	0.2596134754120061	0.21235687338672316	0.21093388046859488	0.23651466013634256	0.265801839962936	0.2651068899331524	0.31203256337282415	0.30425574161096036	0.20901449467204977	0.18929115096962076	0.19998014428486333	0.2321133099477133	0.277152690449401	0.0	0.14143887749023762	0.24938778211661924	0.2825799192534251	0.25504666093057116	0.11926666225428552	0.1162883049837845	0.1665894499966907	0.18283804355020186	0.1598054139916606	0.20630088027003773	0.6445496061949831	0.2738764974518499	0.40704216030180684	0.314415249189225	0.3504533721622874	0.32927394268316895	0.29505592693096827	0.3286782712290688	0.2631875041366073	0.2987292342312529	0.23151763849361306	0.26123502548150107	0.28119001919385794	0.25408696803229863	0.24353034615130054	0.2837712621616255	0.2591170825335892	0.23181547422066318	0.3178569064795817	0.22149050234959297	0.2927063339731286	0.2968098484347078	0.31616917069296446
CM254	0.3064729631345556	0.26040770401747304	0.2635846184393408	0.38162684492686477	0.3186842279436098	0.24809716063273546	0.20924614468197764	0.46095042689787546	0.4921900853795751	0.46419352703686545	0.3293732212588523	0.5335230657224171	0.5433185518565093	0.21642729498974123	0.214474816334635	0.1836322721556688	0.22503143821563307	0.18723939373883117	0.18088556489509564	0.2607717254616454	0.264709775630419	0.2610033754715732	0.22675226686081143	0.23237805281620227	0.18270567211595737	0.17443245747567676	0.19541332980342843	0.19931828711364089	0.2116950162155007	0.14143887749023762	0.0	0.18644516513336423	0.21629492355549673	0.19528095836918394	0.16284995697928387	0.1676153286120855	0.22321133099477133	0.2513071679131643	0.19356012972400555	0.23515785293533656	0.6429280561254881	0.23777218876166523	0.3767952875769409	0.2612681183400622	0.2877424051889602	0.27453835462307236	0.24958633926798596	0.2683168972135813	0.21682440929247468	0.24455622476669533	0.19984777285061883	0.22238400953074328	0.2322787742405189	0.21374677344629028	0.2535905751538818	0.25709841816136075	0.24164405321331656	0.2204977165927593	0.2848964193527037	0.22579257396253888	0.2888675623800384	0.2878747766232047	0.24832881064266332
CM257	0.2780131047719902	0.26001058971473956	0.263915547024952	0.4457608048183202	0.2666291614269641	0.24280230326295585	0.2654047256602025	0.411939903368853	0.43814944734926203	0.3945992454828248	0.3451916076510689	0.4645244556224767	0.46488847706664904	0.19415580117810577	0.2130187305579456	0.14094248461182077	0.14835528492951222	0.1417367132172877	0.1317426699318287	0.2800317691442187	0.2868158051492488	0.28162022635515255	0.25646965384869946	0.22926732411145676	0.2134489377192402	0.24571447481633463	0.26427956846912437	0.29687603415183006	0.18402938645840228	0.24938778211661924	0.18644516513336423	0.0	0.10831292607055397	0.099675689986101	0.2581242967767556	0.23942683168972137	0.28532662651399826	0.27794691905486796	0.23833476735720432	0.31424978489641936	0.6620226355152558	0.20064200145608577	0.39956317426699317	0.20752531603679925	0.22000132371434244	0.20080746574889138	0.18737176517307566	0.19915282282083527	0.13647494870606924	0.1519954993712357	0.1868753722946588	0.16301542127208948	0.18601495797206963	0.18148123634919586	0.28231517638493614	0.2716592759282547	0.26497451849890796	0.2404858031636773	0.2924084982460785	0.3034284201469323	0.37404858031636773	0.3586604010854458	0.2800979548613409
