	CM009	CM021	CM025	CM039	CM078	CM086	CM095	CM110	CM118	CM126	CM153	CM165	CM166	CM176	CM179	CM181	CM182	CM183	CM184	CM196	CM198	CM199	CM213	CM215	CM219	CM222	CM229	CM230	CM246	CM253	CM254	CM257	CM259	CM260	CM261	CM262	CM266	CM268	CM271	CM293	CM362	CM372	CM383	CM411	CM436	CM437	CM438	CM439	CM441	CM443	CM444	CM448	CM449	CM452	CM469	CM471	CM482	CM518	CM524	CM535	CM538	CM540	CM557
CM009	0.0	0.3427198742166873	0.3742347265469381	0.4474969246993031	0.4928134964906572	0.4287159643891682	0.5493897952200251	0.541833112238308	0.5287438532840804	0.505810080452061	0.4913085928136545	0.46808920761402906	0.5288724599555499	0.40910069667774773	0.43033544702597715	0.4283887731055952	0.4384230678271111	0.4132554761554821	0.3949281961716566	0.48474039290268056	0.43976007964207714	0.4361253543380222	0.4516202935539981	0.47922110049830274	0.48104119354487196	0.45393504790641903	0.500953586139669	0.43197783780579757	0.4114108905233015	0.5134509037488904	0.47429430833757374	0.4061564638128313	0.40271792164182335	0.4135695082878226	0.4688345543928866	0.48096532368055767	0.5254001183725535	0.556804749710822	0.4983826747622488	0.44877231302554266	0.6845567853219494	0.42237712460360155	0.4923617096543437	0.45654225559433764	0.4684777801544511	0.4055161807470751	0.3995325563796034	0.45578612006048247	0.4560348412934603	0.4098000093139398	0.40255866426405285	0.47342350865505706	0.5130214276391699	0.4311659377246751	0.41954105373083894	0.4695647237341191	0.42848863112286606	0.46173550631412563	0.44492622857093	0.4912192620740366	0.5183401688915755	0.5577277349509124	0.4472313645404304
CM021	0.3427198742166873	0.0	0.32984619808415205	0.44558677184676426	0.4862627655489453	0.4200238932175145	0.5427419816149366	0.5431654905376891	0.5349263906746311	0.49413218973757245	0.46285303960581914	0.4487285598769068	0.4879413276013567	0.38052795941818485	0.42201661871649804	0.40489954885483903	0.43219123871111287	0.3963147374777437	0.37589147913104237	0.4829882927162228	0.43721548510672936	0.4223271856610117	0.41988731017029307	0.4659112143824878	0.4486559964089719	0.40617527112141194	0.488661603981735	0.4072729855035722	0.42101989808470613	0.4844223777583616	0.4667745311590849	0.37492790623713307	0.3942873040651066	0.3905624127704767	0.4126626729163142	0.4370210656325131	0.5082199981466115	0.5412744003331015	0.47793020448953655	0.38323278298116087	0.6669999810339577	0.40420446991921816	0.45988915326340074	0.437913570314419	0.46287693006008135	0.415250599034039	0.42086038164019773	0.4801605129245027	0.41795125469745575	0.3716180359963439	0.3551949361866407	0.44783586981910356	0.5075252654209989	0.3848389390928528	0.40782487675115314	0.46038571346628115	0.4163684519477405	0.45060572457635006	0.43678941764218027	0.46571029870034214	0.48701433439821634	0.5503431478757472	0.44282698272500887
CM025	0.3742347265469381	0.32984619808415205	0.0	0.4355361538990977	0.4706910872829448	0.40205081343555327	0.5266288248431817	0.5237156142407801	0.5130203262563109	0.4689980940835912	0.47648095806355345	0.4510364131414219	0.5229425402463667	0.40111736886750765	0.42565375361428365	0.39827322158990713	0.42942670223734547	0.3953479360471789	0.3698698524589555	0.48140517558331297	0.4525459739804921	0.43189482918315114	0.44270114244134656	0.4457704330726949	0.4426073063577759	0.4375915136242663	0.4863572279173792	0.4242762470965008	0.4435404492597313	0.4998704663398763	0.4679750202206818	0.37915502475187435	0.36968948027659915	0.3733847426844262	0.46276358467001083	0.4345961951313616	0.49734525704351407	0.5437063530911657	0.47585811345992796	0.3907859597844874	0.658445922984734	0.4167951845310591	0.46710877732249767	0.43619936773899487	0.4592388533345289	0.39592239607045604	0.42983437662611873	0.47297137200328165	0.4027216532359543	0.36029476847015507	0.3861879108415992	0.4419452254525995	0.48195217953034175	0.39432757076076813	0.3950539229374384	0.4267845854560926	0.3684498175104133	0.43658714429941947	0.4046314065627401	0.45744825781765736	0.4934067393404762	0.5343368075646552	0.43050295015898987
CM039	0.4474969246993031	0.44558677184676426	0.4355361538990977	0.0	0.381485973845512	0.48374790737281304	0.5681325679195172	0.49987955210800933	0.5068178380504518	0.4801066475332697	0.36589947054654615	0.4904239320157647	0.47221259619640943	0.4657406298929684	0.4650329206017369	0.4773843312216622	0.490070788437513	0.42021868635298776	0.46988057448575915	0.5172276984548854	0.48009549780064453	0.49170344233736196	0.4411029380572654	0.4709421622219481	0.45874338304395534	0.4634536225845401	0.48590475804235056	0.4317955047768444	0.4534045119476329	0.5226324131795382	0.47821321773111386	0.42998231889565947	0.4435620409589721	0.4681181801831836	0.4786940493919576	0.4816819481948688	0.5506904973536082	0.5713985670906213	0.5411395982012638	0.4781710385335102	0.6787095503140914	0.48848267532802975	0.41426247665958044	0.4262230246111814	0.3703810613710094	0.43044039320998173	0.37652271152448086	0.48799382357955506	0.41592963633272456	0.4683727413036823	0.4078348576906761	0.48350654851275043	0.44775749329323866	0.3888404341361308	0.46293647633633844	0.4336989704376216	0.4880315977272029	0.4469818622525685	0.4355640901464439	0.5045240789712393	0.48662659111795353	0.5172639867616584	0.4285031910896848
CM078	0.4928134964906572	0.4862627655489453	0.4706910872829448	0.381485973845512	0.0	0.464640153863318	0.499962777653854	0.5039725895073834	0.472448623380257	0.40621895368411864	0.3399737349835241	0.46247577047611366	0.5004206683763024	0.4694612938891934	0.5072617919150728	0.4697071288075045	0.46391423046220465	0.43709145308932973	0.45395472460848263	0.4773792567287952	0.4809393257534105	0.4887233493351209	0.3806541466464805	0.36506270655523065	0.40415140587641263	0.4205405201997561	0.4391942006310045	0.4166235708574417	0.46096942390718637	0.47276590393178486	0.4365095715338452	0.40322176419512784	0.4219934830151962	0.46771969424393256	0.4692066800643152	0.4879501986822026	0.5095495541547451	0.5174342843059027	0.5050106889776942	0.5222140388355075	0.6146449293820248	0.47184095415544847	0.45753342593382007	0.38251567384887003	0.33495844717085366	0.4095651609695454	0.35628870476563734	0.41521965181468284	0.43578575177399964	0.4386929366837761	0.4302848290901627	0.4312305332157474	0.4038020529496898	0.41637783147183494	0.47128200616946414	0.4097521308033107	0.46528628988745546	0.4169114084560738	0.39587988416897507	0.4575071097536658	0.4895871444022617	0.4992406977040907	0.5036611261844058
CM086	0.4287159643891682	0.4200238932175145	0.40205081343555327	0.48374790737281304	0.464640153863318	0.0	0.5629344132420895	0.41410483446375973	0.4210899945971262	0.3765693886104734	0.4592272936214508	0.34313681257861	0.42458443481917807	0.3316556785008064	0.37912683363451377	0.38505947723068346	0.4434210783952643	0.4067407787134854	0.341303019470882	0.5190364298703611	0.43582533350959907	0.39413205070038215	0.4182779243310036	0.4906030222157095	0.47646019924998734	0.4406947267792341	0.5286870364068085	0.43297834631724	0.3952387542269849	0.514708057403818	0.4948284559855585	0.3831612769361977	0.3652695733826556	0.3366963790482838	0.4530175989724473	0.4236195231022034	0.5380176857961637	0.5820753692995521	0.4896816465358881	0.45210639850948037	0.6987209343726304	0.4205860452837716	0.44217765835964745	0.47581386279382015	0.49802445704026754	0.44575424587659607	0.43372251921144506	0.5066981537020733	0.4703785410432599	0.41177230765156286	0.38470055206544024	0.47838614642843086	0.5303752755327251	0.40317053941166175	0.44546968945133786	0.4796296019080504	0.4382796487566011	0.5017447042850784	0.4608603605334191	0.5161035175371164	0.5276198990897707	0.5801665362345806	0.3978655084272457
CM095	0.5493897952200251	0.5427419816149366	0.5266288248431817	0.5681325679195172	0.499962777653854	0.5629344132420895	0.0	0.6623263585713527	0.6199207941441923	0.5633286072934457	0.5332505467366775	0.5463032602253686	0.6159378379385153	0.5000101873962929	0.5987980939258868	0.5065855556906784	0.49658949431290056	0.4835527217617624	0.5172762989573993	0.40005048426960177	0.4973787774723083	0.5386889070398951	0.5241918399248479	0.4930891171504156	0.3944125471903017	0.4576469269891802	0.42276800222605015	0.430351336273063	0.5273148120121106	0.3931718680138971	0.37929639337059223	0.48211927558460366	0.4818719531909375	0.5298483779161184	0.4372113778058305	0.4827825822364306	0.3649670218264102	0.34920539415078605	0.3824084647727722	0.47899129876381613	0.48341331429868206	0.44201776848161584	0.5621178276752756	0.4962045605795484	0.5036883389525487	0.4674618039173026	0.5221947372152933	0.4690440952378592	0.5432452759809868	0.5049320673249426	0.4726405091233375	0.45635312072850076	0.5076140355495475	0.5506217848935734	0.46698842446892586	0.4367187221894466	0.47986993324608873	0.4505017024001717	0.4790870498601049	0.4166653904626347	0.44425743868224027	0.4315911897514964	0.6208496135341186
CM110	0.541833112238308	0.5431654905376891	0.5237156142407801	0.49987955210800933	0.5039725895073834	0.41410483446375973	0.6623263585713527	0.0	0.37575778680990163	0.47364599693270637	0.4722594559721002	0.48936976202440086	0.4465491369269329	0.49795646783819153	0.4629725803718329	0.4743773381909389	0.4863525106852469	0.4923288748844991	0.45596819624775287	0.6142073347840398	0.5448686993231802	0.5189097770908822	0.5009400797035886	0.5605034063114925	0.5798725190621705	0.5462267368536606	0.6245161127819727	0.5657527217220937	0.4923627977101163	0.6282225187325741	0.5774938988156703	0.5195288003348122	0.5096606996736521	0.44843317679885025	0.5641412086981411	0.5362367421463311	0.6370809122995063	0.6801888021213638	0.6142456696227635	0.5594439107263758	0.7520941654694189	0.5678700219140717	0.47242629601473646	0.5448515347930682	0.517640843679552	0.5317169949797605	0.4778337105526584	0.5997519969133708	0.45199594128645965	0.506442001285862	0.5088680094194167	0.5937612732256885	0.5428221498939138	0.4561802287157258	0.5560711202204925	0.5849604170414326	0.529406007824718	0.586967256805154	0.5290618581712995	0.5920817304822711	0.6194297910417821	0.6667765464602982	0.44976633703440505
CM118	0.5287438532840804	0.5349263906746311	0.5130203262563109	0.5068178380504518	0.472448623380257	0.4210899945971262	0.6199207941441923	0.37575778680990163	0.0	0.42830247460371546	0.4448575930574687	0.47260311030983637	0.4489422520764601	0.4682016759797541	0.45000661805638015	0.4555967887917195	0.5035773982587755	0.49270371333061475	0.44708422446058677	0.5892507969324062	0.5454764924472697	0.5101763814675747	0.5040181348006852	0.5503722047241516	0.5510846046420327	0.523121305726369	0.5781687342742279	0.543036643136173	0.47788224219970926	0.612163116020013	0.5551291133211714	0.5092676870210479	0.5081486796804084	0.4617710715256005	0.5343568575700071	0.5268772743783754	0.6214855641760721	0.6442856330678406	0.5723126283896905	0.5410793130654845	0.7219349457848605	0.551980495655638	0.5019754069169882	0.5173387037626236	0.5074069411959989	0.5122337533913245	0.46727338925290396	0.5831645740278922	0.4995861281808805	0.4720575031361619	0.49541088000319483	0.5685184411876443	0.5180159155759131	0.4498899261296061	0.5223365903339278	0.5687422747619475	0.4997917323921745	0.578376000653903	0.5450931076759081	0.5355939641516253	0.5751140645080626	0.6344908863402565	0.4935715316518453
CM126	0.505810080452061	0.49413218973757245	0.4689980940835912	0.4801066475332697	0.40621895368411864	0.3765693886104734	0.5633286072934457	0.47364599693270637	0.42830247460371546	0.0	0.46409413873232946	0.38493166484314884	0.44596234145043184	0.43512629201156183	0.5160232151492691	0.3737103119091545	0.45213068228390985	0.43552394689494367	0.4016880454060036	0.5197572138888092	0.4903192848820567	0.46402968802374467	0.4235132026791468	0.4468788692153572	0.44219081063220433	0.4790395120405099	0.5184928006049736	0.47764652107133565	0.4407634137743319	0.5180877482643242	0.4829145011838586	0.4170205472627473	0.4101901305567242	0.40558979347551055	0.4680713674025485	0.4592203457931171	0.5533875497352533	0.5679075846016904	0.5134367482950788	0.5296189915108941	0.6664250250504234	0.49676788208343603	0.47910501742841544	0.4308454695041103	0.4711425791661039	0.4422335498855678	0.44936676640035933	0.4734331977425794	0.4814604921083701	0.4312633801309747	0.43180468648974174	0.46306495317581176	0.49740414115876586	0.45718591844714107	0.4753393395429675	0.5059851362285896	0.45895394840357306	0.46937819771794415	0.43975935156446083	0.5116277397793254	0.5406038165757331	0.5673757196435291	0.49894890843047224
CM153	0.4913085928136545	0.46285303960581914	0.47648095806355345	0.36589947054654615	0.3399737349835241	0.4592272936214508	0.5332505467366775	0.4722594559721002	0.4448575930574687	0.46409413873232946	0.0	0.4289123946658573	0.42716827611248537	0.3903133831659525	0.40409322478352355	0.3927362335682414	0.4415979278185562	0.4018647647908905	0.39234051378645235	0.5080000893130843	0.46199848254754167	0.45823132493161156	0.3500862768248263	0.3763834363042718	0.4304406875801567	0.3882859605019661	0.4564689376994124	0.4216014492011357	0.3609625234693435	0.5058455552953615	0.4662176634482627	0.4105575363416135	0.39679519898873045	0.42296107625479534	0.434014936467104	0.461189184794066	0.515538059158649	0.5634108662030498	0.4982318935069509	0.49393515490891526	0.6597458744627187	0.47701145894290936	0.42720895624301447	0.38208037262792494	0.3569419211834991	0.4000690003175988	0.3467891805299421	0.45909756652061195	0.43148339575197514	0.4177066273349537	0.3915736105603132	0.48396869067365056	0.38887408501121756	0.36974359826220465	0.4740705778692203	0.4149117900955971	0.46388447781780257	0.4820701119668093	0.42480724921913815	0.4586342569439364	0.45379470860176263	0.52415450163984	0.44818252431258976
CM165	0.46808920761402906	0.4487285598769068	0.4510364131414219	0.4904239320157647	0.46247577047611366	0.34313681257861	0.5463032602253686	0.48936976202440086	0.47260311030983637	0.38493166484314884	0.4289123946658573	0.0	0.3820392703416926	0.37229071941478425	0.4538908081061056	0.3895348552840059	0.44638326866890915	0.416867532880778	0.38678649668925197	0.5182331691743354	0.49626999392316834	0.42794510598068575	0.38362839653275516	0.43337145489689033	0.4650234733428931	0.4501041256171931	0.5144369339495309	0.4362253467075712	0.3928262892085159	0.5268921545601781	0.4837677472773063	0.3917494310247289	0.4118733989708598	0.4143218830916582	0.48487647146004914	0.462326499153104	0.5686409628468566	0.593210276036222	0.5366473938608664	0.5011665846301266	0.6963819144621027	0.45822372964652774	0.47603220397238977	0.44409124670169114	0.4660649101947148	0.42025570565278303	0.4028699027775495	0.4516854598027522	0.4841893870244889	0.4193241201719061	0.4056779263161497	0.4619157380945725	0.5094064871705009	0.42049842723305414	0.4978564256991998	0.467068141554292	0.447718262195835	0.49172391165411883	0.4198077498421569	0.5115912724739698	0.534988916737073	0.5583788485271945	0.46345647931132367
CM166	0.5288724599555499	0.4879413276013567	0.5229425402463667	0.47221259619640943	0.5004206683763024	0.42458443481917807	0.6159378379385153	0.4465491369269329	0.4489422520764601	0.44596234145043184	0.42716827611248537	0.3820392703416926	0.0	0.4313962970470744	0.4210144509556085	0.46258122507056454	0.5012880355131075	0.4784118476481191	0.45118136675543935	0.5895701364401295	0.5316764195519491	0.484144733119079	0.4886143862754041	0.5275419050847518	0.5493865840005531	0.5237464231363376	0.5986320232085849	0.513396196739582	0.43458579430714567	0.598713393683953	0.5560945968016053	0.46921555266391723	0.4940928997372403	0.4582534888154426	0.5385496446146187	0.5275688909494022	0.6396197976698551	0.6502032091711673	0.5980112265510997	0.5249222725594149	0.734813425381721	0.5291626282366788	0.4824547634132429	0.5181345549812295	0.48527160176294626	0.5038169662405528	0.43886270452844	0.5667232476751873	0.44951083143949294	0.4984988910767234	0.47528601881131294	0.5583338037550071	0.5185381030063378	0.42682755456169086	0.5510348164242614	0.5613256266185523	0.5111692809730825	0.5753511555530721	0.5166599931290167	0.5875860827020899	0.6053992107030554	0.6419778981429802	0.42997428834037593
CM176	0.40910069667774773	0.38052795941818485	0.40111736886750765	0.4657406298929684	0.4694612938891934	0.3316556785008064	0.5000101873962929	0.49795646783819153	0.4682016759797541	0.43512629201156183	0.3903133831659525	0.37229071941478425	0.4313962970470744	0.0	0.30065068910098247	0.3102840497273014	0.3859688031195623	0.34248475433405406	0.2833762037685938	0.4641398796701793	0.3774986545571109	0.3615802006327207	0.380153622486524	0.43134608939698627	0.39840214456721107	0.34418826832110905	0.43822495911547793	0.3647441202750617	0.28025813441471625	0.47149533152675027	0.42765532682789636	0.32974855406931186	0.3209439087012939	0.29504884272856496	0.3568255376080513	0.3423716211529582	0.4850650073743427	0.5251038942018352	0.40371020481701364	0.37620100787774097	0.6573623189186987	0.3899645230685218	0.4462326412006471	0.39579721549433183	0.4149781372285795	0.34997696465054606	0.37021063225975126	0.4665274337780991	0.4210416139568681	0.37223440104760375	0.30693140682730957	0.4421961766259464	0.45908505076776307	0.33892485656031757	0.4107012594503914	0.41386545061560664	0.37699546343796136	0.4588122216054415	0.4122100469592072	0.4550201479844878	0.45568399652526836	0.5276194338501679	0.4079684427315783
CM179	0.43033544702597715	0.42201661871649804	0.42565375361428365	0.4650329206017369	0.5072617919150728	0.37912683363451377	0.5987980939258868	0.4629725803718329	0.45000661805638015	0.5160232151492691	0.40409322478352355	0.4538908081061056	0.4210144509556085	0.30065068910098247	0.0	0.41176625437377595	0.44314358061787346	0.42169357434947125	0.3452207724744867	0.5395441472020551	0.43996394536406735	0.3974625498334784	0.4540263581050563	0.5258661000021998	0.5131144577693291	0.453268977012761	0.5349289608931747	0.45331018139851365	0.3584379811293519	0.5564080925669619	0.5159291636162032	0.4296343159428426	0.39480493940831657	0.34016503837061735	0.4415965235371001	0.4246968612759427	0.5714056645439937	0.6101133233037694	0.49456096431812774	0.41333938062817327	0.7206436706279126	0.46366313420338207	0.4300366958609087	0.4994234192736161	0.44970313591594613	0.4448433364080761	0.3968873957135803	0.5487226341035281	0.42741455971746806	0.4367633364098115	0.38871052253152544	0.5307529740385247	0.4964775027627197	0.3412211960730239	0.4631858387189029	0.5264362773526137	0.4558746596626879	0.5342493834063544	0.5048680447041307	0.5379393213546275	0.5312215583908853	0.6120184947607804	0.37605462104693815
CM181	0.4283887731055952	0.40489954885483903	0.39827322158990713	0.4773843312216622	0.4697071288075045	0.38505947723068346	0.5065855556906784	0.4743773381909389	0.4555967887917195	0.3737103119091545	0.3927362335682414	0.3895348552840059	0.46258122507056454	0.3102840497273014	0.41176625437377595	0.0	0.3409952557829387	0.3099386117309539	0.28320101158489674	0.4378096655276442	0.40378967820549333	0.39932593359299307	0.35595562807018255	0.39967060246727126	0.37124546919393614	0.3713928100553823	0.42269686115078026	0.3715191643755987	0.3218010310601465	0.4258100357627039	0.37377186703979554	0.35478352977346334	0.2885535865261148	0.27670277183518044	0.3656437121090534	0.3499001208858343	0.466272372734873	0.4751409668546706	0.38901939683582	0.4145482826914785	0.6346677525461476	0.3914243428811337	0.4219697085658621	0.3835876208415665	0.4095736365734801	0.35202139092080864	0.3795843646892217	0.3935174050559765	0.3947756404856721	0.34266329302821597	0.31234218022446647	0.39519715534726185	0.38880534544431605	0.37624652006850545	0.36714668488134206	0.42453553946110056	0.38488182030047074	0.40589892476511313	0.36959501167277387	0.41105356359365336	0.4706305811516159	0.5187540352744247	0.4504141598257002
CM182	0.4384230678271111	0.43219123871111287	0.42942670223734547	0.490070788437513	0.46391423046220465	0.4434210783952643	0.49658949431290056	0.4863525106852469	0.5035773982587755	0.45213068228390985	0.4415979278185562	0.44638326866890915	0.5012880355131075	0.3859688031195623	0.44314358061787346	0.3409952557829387	0.0	0.3156381660885712	0.3288639709153896	0.4530968032384866	0.41598339043231564	0.40383182123444117	0.42888713445705356	0.40585747016336143	0.442435628950976	0.40620952864470766	0.45281375667338136	0.39872094272768566	0.42186925846969614	0.44271738355913226	0.3854435696293931	0.3956783619151839	0.3269764857028116	0.34794089944330725	0.38871907252759824	0.4122160807688614	0.4936318007580273	0.48240671053006	0.4282973526759686	0.4146226691571672	0.6330320787907935	0.4220167036653819	0.4979114762295958	0.4229582749314476	0.4481217434639797	0.399869808328756	0.40547051784331156	0.4411969830583471	0.42510300517780936	0.394708195773345	0.36717123280153513	0.42117183136332464	0.44472263006372464	0.3927291100821958	0.40068220031570706	0.4562683055851039	0.4200889014041602	0.44534743245381003	0.4234654238931262	0.45471891337446213	0.4808130142967034	0.5177723598323218	0.45678329924248157
CM183	0.4132554761554821	0.3963147374777437	0.3953479360471789	0.42021868635298776	0.43709145308932973	0.4067407787134854	0.4835527217617624	0.4923288748844991	0.49270371333061475	0.43552394689494367	0.4018647647908905	0.416867532880778	0.4784118476481191	0.34248475433405406	0.42169357434947125	0.3099386117309539	0.3156381660885712	0.0	0.3108172059954438	0.4219106811284669	0.37519774916726467	0.3949563774296968	0.40263210220070694	0.37559138350552246	0.3544748082760524	0.38458916051319114	0.4319411573166787	0.3612486212423742	0.38710788193376594	0.4047809401825747	0.36228218119026206	0.3445170676442501	0.28401764129025414	0.31110886570578794	0.35642004621147844	0.3803402837339688	0.45488948991801026	0.4834650495430433	0.3973289836022167	0.39398720225234013	0.6254702672325995	0.38111363730741626	0.4551917269044346	0.3763075847458514	0.4001312962465385	0.3674705365369218	0.3989517073920635	0.3858363606645653	0.38460747668397094	0.3394831669221317	0.3331755639361829	0.3695580976831098	0.42493406808315604	0.38532277152505334	0.3766740239378909	0.41269988522114864	0.38254800848725823	0.39264247998657714	0.3997121455429623	0.4072690885548782	0.45138456062619103	0.4833450399377079	0.44928701604062354
CM184	0.3949281961716566	0.37589147913104237	0.3698698524589555	0.46988057448575915	0.45395472460848263	0.341303019470882	0.5172762989573993	0.45596819624775287	0.44708422446058677	0.4016880454060036	0.39234051378645235	0.38678649668925197	0.45118136675543935	0.2833762037685938	0.3452207724744867	0.28320101158489674	0.3288639709153896	0.3108172059954438	0.0	0.4350049967167142	0.38356221847315125	0.3345296148074765	0.37391374513444786	0.4056481911708085	0.40385612657808645	0.36105736675039074	0.45860695300269366	0.38360013252677844	0.3141902920834282	0.46307306205861454	0.4175722446209604	0.32091308036062166	0.2572069708492101	0.23336997273616014	0.36243951662443374	0.3334714232276062	0.4766629732796265	0.5169928432638905	0.4247156467709993	0.3920642851348608	0.6483653311588677	0.4078425613552071	0.46331571501056873	0.4064635154606398	0.4297636563800061	0.34800835396445967	0.34923610521753484	0.43732755767651793	0.3881347609696477	0.32651026070971867	0.2996959641473384	0.42902503349843035	0.4360543059726486	0.3270141643882295	0.3556784459791988	0.41300166073953737	0.3636736075378011	0.44117760035904807	0.3877574225744243	0.4465611912826774	0.46419144595741074	0.5397371105829321	0.4175347760432118
CM196	0.48474039290268056	0.4829882927162228	0.48140517558331297	0.5172276984548854	0.4773792567287952	0.5190364298703611	0.40005048426960177	0.6142073347840398	0.5892507969324062	0.5197572138888092	0.5080000893130843	0.5182331691743354	0.5895701364401295	0.4641398796701793	0.5395441472020551	0.4378096655276442	0.4530968032384866	0.4219106811284669	0.4350049967167142	0.0	0.4030244659666865	0.4478013918110932	0.4667170076723471	0.43467253217790447	0.41185121299663824	0.4233707232369553	0.4247653721213095	0.40405135319530994	0.49192015512072884	0.37626254780055507	0.37748174738717677	0.4092667309212843	0.4271664039411754	0.45821191189548627	0.4474758205605098	0.45404358836570247	0.3643837538056375	0.3724217137114972	0.40580830143777863	0.43645393584234227	0.5746414318138702	0.4092441401017471	0.5279136729542449	0.45284849344037476	0.442326254956335	0.4225801940024539	0.4631939193973194	0.4322769262841658	0.46880646156958294	0.43810010169813474	0.4264185595634175	0.42777226707100974	0.4885476202009133	0.5069098183075994	0.423875619156435	0.4279298252103155	0.4685985821879013	0.4595477252887776	0.4353955755340671	0.419117679456736	0.4620350385143539	0.4715708912289474	0.5594436234831217
CM198	0.43976007964207714	0.43721548510672936	0.4525459739804921	0.48009549780064453	0.4809393257534105	0.43582533350959907	0.4973787774723083	0.5448686993231802	0.5454764924472697	0.4903192848820567	0.46199848254754167	0.49626999392316834	0.5316764195519491	0.3774986545571109	0.43996394536406735	0.40378967820549333	0.41598339043231564	0.37519774916726467	0.38356221847315125	0.4030244659666865	0.0	0.33879287599289254	0.4130373230114633	0.439443186546454	0.41846702295823346	0.4019616109651708	0.47206309885710906	0.3721974224197192	0.4157448902231913	0.44556009762606424	0.3946224956638522	0.3753860699466743	0.36251659806154396	0.3624619381103029	0.3868553004247132	0.3910257191904144	0.4529651289466626	0.4721465867248459	0.44643920279515154	0.44612499053271	0.636294966921838	0.44424836531834566	0.47733922272085405	0.3978067155685262	0.4316079147352512	0.40265623906318193	0.4340163147057877	0.4491748745044714	0.45696972831959504	0.41438508170526445	0.36487043822495335	0.42757790314566646	0.4865241501229855	0.4033352851019118	0.4004358970758868	0.4440413092022201	0.4285044329341728	0.42519407146346117	0.3928762245904815	0.46806444315393925	0.47882486827070153	0.5134743095579076	0.4740567890181152
CM199	0.4361253543380222	0.4223271856610117	0.43189482918315114	0.49170344233736196	0.4887233493351209	0.39413205070038215	0.5386889070398951	0.5189097770908822	0.5101763814675747	0.46402968802374467	0.45823132493161156	0.42794510598068575	0.484144733119079	0.3615802006327207	0.3974625498334784	0.39932593359299307	0.40383182123444117	0.3949563774296968	0.3345296148074765	0.4478013918110932	0.33879287599289254	0.0	0.42552612071715623	0.4584512852172406	0.4565506771902993	0.41723000232648877	0.5085965593220723	0.41337562439822495	0.38480128777410333	0.4941890773908438	0.4570715443551462	0.4052297694288528	0.3547955130387761	0.3476691634418087	0.41501911048626666	0.4072264283327572	0.5039584099314346	0.5260307802683304	0.4706716859219789	0.45946263640770374	0.6857996007799093	0.4399490008089243	0.4832516707186887	0.4711790211713182	0.47469889574706386	0.42380254895223435	0.4153498860740103	0.4967225653361439	0.46238789455444645	0.41082868045294996	0.38129239804376164	0.46509239212992903	0.5048426757152638	0.403440760048948	0.44237999752580515	0.47479763816830484	0.4538186703810538	0.4790735318900195	0.4533375855082836	0.5050528638319938	0.5044191561631134	0.5692561240980689	0.447528570198757
CM213	0.4516202935539981	0.41988731017029307	0.44270114244134656	0.4411029380572654	0.3806541466464805	0.4182779243310036	0.5241918399248479	0.5009400797035886	0.5040181348006852	0.4235132026791468	0.3500862768248263	0.38362839653275516	0.4886143862754041	0.380153622486524	0.4540263581050563	0.35595562807018255	0.42888713445705356	0.40263210220070694	0.37391374513444786	0.4667170076723471	0.4130373230114633	0.42552612071715623	0.0	0.3355785309022733	0.4073557151780374	0.36346595390808545	0.4190183326738868	0.37871657901945327	0.34374227286837633	0.45528348223231396	0.4171994742021982	0.3558664146316142	0.3803898699973365	0.3670491096343841	0.43897050083396194	0.4056809762396641	0.4805414296703961	0.5179293037133348	0.4701066719422127	0.4561240639712527	0.6404271749495193	0.4294341921099693	0.4473840329529701	0.3375836221939383	0.4010645749622941	0.3773358737764072	0.3547998838386981	0.3828228909763272	0.4501777337200005	0.34047495181088644	0.35102864286951324	0.4129983517071681	0.4411749283027679	0.36325987361518325	0.4306626202325767	0.3801255103724815	0.4253147116424135	0.4306826978909229	0.3564362990016198	0.4442747742904982	0.431564143893845	0.47384819909024134	0.44443821383802656
CM215	0.47922110049830274	0.4659112143824878	0.4457704330726949	0.4709421622219481	0.36506270655523065	0.4906030222157095	0.4930891171504156	0.5605034063114925	0.5503722047241516	0.4468788692153572	0.3763834363042718	0.43337145489689033	0.5275419050847518	0.43134608939698627	0.5258661000021998	0.39967060246727126	0.40585747016336143	0.37559138350552246	0.4056481911708085	0.43467253217790447	0.439443186546454	0.4584512852172406	0.3355785309022733	0.0	0.36936854555627774	0.3293086573678292	0.3574099932473489	0.34981443837416587	0.41694145610559513	0.3947914467024229	0.3589700302304822	0.381260461324011	0.36823251626730846	0.4095470386308694	0.4214437373586257	0.4259337961879726	0.44763574990196353	0.4618927903376925	0.4070189940796726	0.465046365422915	0.5912250337333242	0.42257274100565045	0.486888448048852	0.3035515704982818	0.3599624123079231	0.3201731333825217	0.35559849056403525	0.3413779246007129	0.4211943117164887	0.3911522758833117	0.3902595072665789	0.38474260687871886	0.3737265205242474	0.40832510647585407	0.43340181235660125	0.3447646663466636	0.44202136736981223	0.38378291477308807	0.35493737996991404	0.39575024032183037	0.4183815001219921	0.40155663274870884	0.5207447323911142
CM219	0.48104119354487196	0.4486559964089719	0.4426073063577759	0.45874338304395534	0.40415140587641263	0.47646019924998734	0.3944125471903017	0.5798725190621705	0.5510846046420327	0.44219081063220433	0.4304406875801567	0.4650234733428931	0.5493865840005531	0.39840214456721107	0.5131144577693291	0.37124546919393614	0.442435628950976	0.3544748082760524	0.40385612657808645	0.41185121299663824	0.41846702295823346	0.4565506771902993	0.4073557151780374	0.36936854555627774	0.0	0.2911799641420134	0.3664345720367041	0.30892171642072486	0.4120259593271415	0.3587758472525186	0.3675714998194794	0.3485515579597286	0.3640903390883469	0.4182458700343672	0.3627854089694025	0.38912549379814965	0.40626328675255724	0.41281274041982213	0.3819873329605842	0.4577441896696122	0.5714727662919908	0.44802349267893504	0.48560301624464863	0.3578955234616431	0.4034060835429717	0.3815307449216403	0.436983797511873	0.3665965510542191	0.46922395611258033	0.42882864300053164	0.38008817600109474	0.40508050487212904	0.41062434472955955	0.4558373510556245	0.41068179590887305	0.3247799018749266	0.4054354480817207	0.3581654771328178	0.38403594735831215	0.3688109190321013	0.42121379855026664	0.3988853932990612	0.5448200704687218
CM222	0.45393504790641903	0.40617527112141194	0.4375915136242663	0.4634536225845401	0.4205405201997561	0.4406947267792341	0.4576469269891802	0.5462267368536606	0.523121305726369	0.4790395120405099	0.3882859605019661	0.4501041256171931	0.5237464231363376	0.34418826832110905	0.453268977012761	0.3713928100553823	0.40620952864470766	0.38458916051319114	0.36105736675039074	0.4233707232369553	0.4019616109651708	0.41723000232648877	0.36346595390808545	0.3293086573678292	0.2911799641420134	0.0	0.32460664612072165	0.2766199156895451	0.35992372745440404	0.3608907447236236	0.34018826681806547	0.3382369017406146	0.34686588777736754	0.380521664516066	0.33741144735246775	0.35200747225581636	0.40439269247320947	0.43761641255687705	0.35699244605397906	0.3680020806065433	0.5893389437655022	0.4316213286305345	0.4772714937576895	0.3313338214268933	0.35493424918998084	0.32820235731978936	0.37033919288594985	0.37350691615934234	0.4364124936360117	0.36754937391686526	0.33651462269550864	0.4066009330649471	0.3858791322949051	0.38941630474759653	0.37465797791482036	0.3077332100230857	0.4028810812309281	0.3609827932451617	0.34184467050196526	0.3267558547487866	0.37527943824082655	0.4057422870748778	0.4957601531226753
CM229	0.500953586139669	0.488661603981735	0.4863572279173792	0.48590475804235056	0.4391942006310045	0.5286870364068085	0.42276800222605015	0.6245161127819727	0.5781687342742279	0.5184928006049736	0.4564689376994124	0.5144369339495309	0.5986320232085849	0.43822495911547793	0.5349289608931747	0.42269686115078026	0.45281375667338136	0.4319411573166787	0.45860695300269366	0.4247653721213095	0.47206309885710906	0.5085965593220723	0.4190183326738868	0.3574099932473489	0.3664345720367041	0.32460664612072165	0.0	0.32330550039382305	0.44419627734813066	0.28583649136826556	0.29940069551333	0.419500344191899	0.41119493401186563	0.4599388458144301	0.37833614522490516	0.4146452880907561	0.3553082118590035	0.3847779177018932	0.29556040959207286	0.42794984931246255	0.5280292390290896	0.3893992931669838	0.5058083317365726	0.3765029046805147	0.4096050882323542	0.3651045819183823	0.42979644269787803	0.40725955535886477	0.49292548307693584	0.4371399784371425	0.4168858626339672	0.3656868470116448	0.4218166081143122	0.45037509445603424	0.3778701766882121	0.31251663454828843	0.4648976926675725	0.3773139854000646	0.38316175736680774	0.33774034472478864	0.3327319018219751	0.35736523088733724	0.5587421380782275
CM230	0.43197783780579757	0.4072729855035722	0.4242762470965008	0.4317955047768444	0.4166235708574417	0.43297834631724	0.430351336273063	0.5657527217220937	0.543036643136173	0.47764652107133565	0.4216014492011357	0.4362253467075712	0.513396196739582	0.3647441202750617	0.45331018139851365	0.3715191643755987	0.39872094272768566	0.3612486212423742	0.38360013252677844	0.40405135319530994	0.3721974224197192	0.41337562439822495	0.37871657901945327	0.34981443837416587	0.30892171642072486	0.2766199156895451	0.32330550039382305	0.0	0.37443454452765346	0.3474027436868774	0.32668913199851657	0.34367279479317653	0.33475837715664325	0.38194008015712616	0.35734518437347945	0.3810624696586611	0.41075193280882555	0.44242809421130486	0.3864160166944712	0.40486320762869205	0.5842889835630116	0.41068047192860313	0.46586696372468706	0.3622211724109165	0.3899779114280923	0.3434029541700065	0.3853111669812746	0.3751284255089261	0.44442133490631647	0.40160725746348397	0.3575292367674112	0.4005695222033535	0.4232347340595295	0.40708387227978265	0.3928791139707471	0.33437226120755414	0.4354272471183928	0.36514973956277874	0.3475095692326118	0.3743759103036751	0.41317317498381895	0.4084638250287357	0.49427160409490994
CM246	0.4114108905233015	0.42101989808470613	0.4435404492597313	0.4534045119476329	0.46096942390718637	0.3952387542269849	0.5273148120121106	0.4923627977101163	0.47788224219970926	0.4407634137743319	0.3609625234693435	0.3928262892085159	0.43458579430714567	0.28025813441471625	0.3584379811293519	0.3218010310601465	0.42186925846969614	0.38710788193376594	0.3141902920834282	0.49192015512072884	0.4157448902231913	0.38480128777410333	0.34374227286837633	0.41694145610559513	0.4120259593271415	0.35992372745440404	0.44419627734813066	0.37443454452765346	0.0	0.4803930465730361	0.42300419123390964	0.3421253289816812	0.33128151256384325	0.2951582604027127	0.38823976742559607	0.36889014674646325	0.523458569009536	0.5555236044241019	0.46171288494419455	0.4391523302918844	0.6749873906222019	0.4424334179449199	0.45252527064672127	0.3674135291969188	0.4280497503500432	0.3545348764250232	0.3555385010066181	0.44014156592053727	0.43202299432554503	0.3904192647077173	0.334844149630551	0.4443780751248269	0.4522893232656984	0.36932840926765115	0.427702328527486	0.41816689468536145	0.4242817194028376	0.45570289452758245	0.4117455472286307	0.4608352565719794	0.46189356275407994	0.5305023480185875	0.41881411546644715
CM253	0.5134509037488904	0.4844223777583616	0.4998704663398763	0.5226324131795382	0.47276590393178486	0.514708057403818	0.3931718680138971	0.6282225187325741	0.612163116020013	0.5180877482643242	0.5058455552953615	0.5268921545601781	0.598713393683953	0.47149533152675027	0.5564080925669619	0.4258100357627039	0.44271738355913226	0.4047809401825747	0.46307306205861454	0.37626254780055507	0.44556009762606424	0.4941890773908438	0.45528348223231396	0.3947914467024229	0.3587758472525186	0.3608907447236236	0.28583649136826556	0.3474027436868774	0.4803930465730361	0.0	0.26496463954185007	0.40582440907914413	0.4067646159893484	0.45720582654754927	0.3601262280365463	0.39064193008108045	0.25440813005047097	0.3014423971638565	0.28565173309037695	0.41198101502478507	0.5222047618661787	0.37435290017763123	0.48197080977912193	0.4295921795853689	0.43933584953153587	0.40866333031983587	0.4501137172391723	0.39238295912828464	0.47939935961523766	0.45514925531586437	0.4047279132994464	0.331740156095655	0.40975861281175624	0.48444706865400844	0.3657317634716277	0.36732457402854285	0.4747746704241093	0.3345173035097892	0.3713654816880606	0.3749379688881322	0.3781730875185604	0.37445869496409495	0.5587557837675996
CM254	0.47429430833757374	0.4667745311590849	0.4679750202206818	0.47821321773111386	0.4365095715338452	0.4948284559855585	0.37929639337059223	0.5774938988156703	0.5551291133211714	0.4829145011838586	0.4662176634482627	0.4837677472773063	0.5560945968016053	0.42765532682789636	0.5159291636162032	0.37377186703979554	0.3854435696293931	0.36228218119026206	0.4175722446209604	0.37748174738717677	0.3946224956638522	0.4570715443551462	0.4171994742021982	0.3589700302304822	0.3675714998194794	0.34018826681806547	0.29940069551333	0.32668913199851657	0.42300419123390964	0.26496463954185007	0.0	0.3334714144991923	0.33470693981014105	0.40554904385289753	0.34757540776366364	0.3971901987658647	0.3402038483484691	0.3215075508716104	0.3220497021567255	0.40027727114728656	0.5419252634402092	0.3389380235096409	0.4907135902364688	0.38263203488802205	0.39201802647281675	0.3318704533191992	0.37900586877531367	0.3289496087623078	0.4252287166727698	0.39596818355483676	0.36210150935588703	0.28252372496044725	0.3797075737149206	0.4319467561300083	0.3929688494400317	0.38870684386060494	0.4479267284029561	0.31432505303976516	0.3364115019425143	0.3844371626394467	0.3845962226961906	0.3672223470632183	0.5247883515295354
CM257	0.4061564638128313	0.37492790623713307	0.37915502475187435	0.42998231889565947	0.40322176419512784	0.3831612769361977	0.48211927558460366	0.5195288003348122	0.5092676870210479	0.4170205472627473	0.4105575363416135	0.3917494310247289	0.46921555266391723	0.32974855406931186	0.4296343159428426	0.35478352977346334	0.3956783619151839	0.3445170676442501	0.32091308036062166	0.4092667309212843	0.3753860699466743	0.4052297694288528	0.3558664146316142	0.381260461324011	0.3485515579597286	0.3382369017406146	0.419500344191899	0.34367279479317653	0.3421253289816812	0.40582440907914413	0.3334714144991923	0.0	0.28157400629347107	0.3141826137701776	0.3706441203605967	0.3844745336810316	0.4563873372937784	0.49177908733706244	0.41159126657517925	0.4272914044025168	0.6209545104994989	0.35902776135333947	0.4596457923452789	0.37248720026012266	0.38087842459625176	0.34491731591707314	0.36315604830872383	0.3940574838278452	0.41400019722663256	0.3590817403162332	0.3052099073662994	0.37553302628930996	0.4346672914075398	0.36364587345234173	0.3980115060091903	0.4106839213429883	0.4061947563902179	0.38461626486930145	0.37069621977098843	0.44646193014517127	0.48422276237903894	0.4932989407058017	0.43708826502256853
