	CM009	CM021	CM025	CM039	CM078	CM086	CM095	CM110	CM118	CM126	CM153	CM165	CM166	CM176	CM179	CM181	CM182	CM183	CM184	CM196	CM198	CM199	CM213	CM215	CM219	CM222	CM229	CM230	CM246	CM253	CM254	CM257	CM259	CM260	CM261	CM262	CM266	CM268	CM271	CM293	CM362	CM372	CM383	CM411	CM436	CM437	CM438	CM439	CM441	CM443	CM444	CM448	CM449	CM452	CM469	CM471	CM482	CM518	CM524	CM535	CM538	CM540	CM557
CM009	0.0	0.07369417649714645	0.066107821972606	0.14082388775538507	0.1077456157557884	0.14339844757184164	0.12532293496875507	0.1967255674002019	0.1981319727892275	0.1846685720048522	0.15485966685585986	0.19440208477203685	0.19957940746709407	0.09765366190913989	0.09822967483856065	0.09614998400220112	0.10974710523769823	0.09724997040506454	0.08568982489788853	0.10180449264889979	0.13102839273532502	0.12905810668291595	0.13308649810652118	0.11637107063038234	0.14291622633908244	0.15469155268998291	0.15441562110015003	0.1724694394371565	0.089244892178073	0.12154002933564066	0.10633682611034999	0.0793120657338018	0.0968433834937004	0.07888938544099028	0.13253919791523394	0.11366234010014489	0.1201433364182707	0.11259545720675891	0.09413972959976949	0.1265207980290001	0.1852204916124782	0.08272318544335536	0.1476485560689357	0.0825534704190191	0.10065714007768108	0.08837035263830903	0.0695625013980701	0.08401094514802834	0.07365364450571878	0.0840471835237421	0.07796109309725092	0.08523920161052706	0.08596740975654431	0.07118130878506942	0.0857767133568156	0.10138609007784928	0.0962177096266539	0.0800052038492481	0.09817434185741973	0.10644986051667826	0.1283523487260966	0.13572392580723072	0.13525726683390196
CM021	0.07369417649714645	0.0	0.045986065509980696	0.12721764857428425	0.10427499647847616	0.10942386508353316	0.09906236296330846	0.18720931908040012	0.19481496789392957	0.18040883408231922	0.12328648637686333	0.1886117115515981	0.18787304610898578	0.06990061231973535	0.07169527987188645	0.06312208032789166	0.07494372874631504	0.060185659915369526	0.05636261311457615	0.06958860358355941	0.08488914321340314	0.08292404571840627	0.11887745580648866	0.10032191309069972	0.11620206299776678	0.12068565361020316	0.13347974487768893	0.13649252586292326	0.07061228705645234	0.0858813703088142	0.08442608044403913	0.07690878291838218	0.09817734803492097	0.0766517547545023	0.09156200138627237	0.07855302309193912	0.08768227654563794	0.08440087101483673	0.07017643458986278	0.0837046952647647	0.16547906332840454	0.06328614729666096	0.1244732467763344	0.08643528556479622	0.12814323749058956	0.11191945679602094	0.0886722664985079	0.11031241534420516	0.06891417135595275	0.09475796646507369	0.07651543555240374	0.10017651818760404	0.10149305138359437	0.07045181465091169	0.07255101727583996	0.09036292698521992	0.04987975277109247	0.08861127933911057	0.10488802882304304	0.08741048542322662	0.11756792134924152	0.12424924031992474	0.10149001279311826
CM025	0.066107821972606	0.045986065509980696	0.0	0.14687978300823273	0.11328929575113182	0.13719363142614766	0.10283626981988919	0.19807283382429258	0.2041263833597773	0.19086822760264507	0.1484692167509754	0.20173200234727812	0.20126017864362541	0.07798372991291214	0.0815932247217875	0.08312908510594656	0.08940720027847487	0.07710512676751316	0.06625882259822119	0.08265365751210413	0.10801785486569888	0.10899648695010408	0.13137238880628696	0.11400299828332307	0.12483656464046343	0.12915840499014294	0.1297931789162854	0.1472911265894027	0.08018814230202548	0.09460911130314156	0.08966421008971648	0.07109101965983837	0.09447460983649958	0.07230927716408947	0.10218432782141128	0.08586779833483442	0.0903947364813463	0.0871513075232542	0.07085197688089842	0.09803262341451097	0.1745018997254599	0.06597637385383873	0.15078010115351353	0.07552688551578765	0.12019806695229189	0.10331550292601888	0.08084502543297345	0.10405940061511515	0.061753419277378666	0.09034505127748703	0.06572905893538061	0.08906334844804384	0.09406189085926639	0.05958821231409026	0.0603208744838957	0.08548961403868936	0.059422088039643245	0.09332263648414242	0.11297324820149866	0.08050725695289947	0.11734752778949213	0.12222185691342702	0.12488674888680831
CM039	0.14082388775538507	0.12721764857428425	0.14687978300823273	0.0	0.14834472633445486	0.11245279806685156	0.13573194726079596	0.19534375107609664	0.20651342192434785	0.19490861108801225	0.08449081627188298	0.21725335365432932	0.21984122356588198	0.16260592252976572	0.14562939535954764	0.15367573163496062	0.16204731557909288	0.1512543221238902	0.15531256668733784	0.15758283414784027	0.1305679196640479	0.11819592018015321	0.11311682140989443	0.12374891707034381	0.14852432866883378	0.15245438038176212	0.15600979627412995	0.14093781878862133	0.15309484721807207	0.12970148377253998	0.11301046684497254	0.17236630853380155	0.19654099948678605	0.17472392112689944	0.1314079991581727	0.13534416902836713	0.1503165333424697	0.1755016114023549	0.16484360622364855	0.11671350073453998	0.20962651955000813	0.14738202972926245	0.14709840876360344	0.1531559528397667	0.19036828313313847	0.18216013824775618	0.1592731594273902	0.1763348065760924	0.16742906320930717	0.1793107542332853	0.17163098527168924	0.1823812524695198	0.17451992580232448	0.1645579457063881	0.15121681408694027	0.14048832118416937	0.13533125931341625	0.14706092036414273	0.1377595538047358	0.13725745354331562	0.09807847272977711	0.11719870057005564	0.09496018857638121
CM078	0.1077456157557884	0.10427499647847616	0.11328929575113182	0.14834472633445486	0.0	0.11310169728470644	0.1577467045261277	0.13592067138307473	0.14291244203111775	0.1131327610690735	0.11579736681400163	0.1268041832876841	0.13201529638738396	0.11372611432124298	0.11997199189238511	0.08644662108938772	0.11463061260975944	0.0963061028768872	0.10256250352392784	0.09265762967365052	0.10580463621586361	0.10209074733471031	0.13147541742183622	0.11638262761972658	0.16213590178751672	0.177880596277613	0.1944239727954781	0.18450727329643465	0.10137906511525072	0.1496487594383947	0.13825561705646558	0.08772317774236361	0.09726166365616577	0.08645839349275225	0.1613885348205382	0.1476842056180065	0.14865341322906808	0.13700822274066185	0.14284282815308746	0.14505449093590803	0.1928342083188102	0.08479952278409332	0.1435699881554199	0.09672399323191441	0.1123783141915575	0.11065244700344305	0.10302222197528856	0.09366072461400501	0.09539553096108445	0.09120941894798866	0.10319556659379178	0.11063371767444427	0.10656543608914977	0.10409848205910323	0.12295654314463128	0.14928112143082653	0.10762772402544005	0.08704691539187799	0.07965818638388614	0.16089876751772667	0.1815328558473071	0.1879997903803139	0.13976071278885716
CM086	0.14339844757184164	0.10942386508353316	0.13719363142614766	0.11245279806685156	0.11310169728470644	0.0	0.10977550396101295	0.1874870118510753	0.19709415799628915	0.17395104129471026	0.08355734433274428	0.18699300242461875	0.18919727909393064	0.11229209134122606	0.10078497922700887	0.10220474376610185	0.12340688807619227	0.10056638291020419	0.1096842663626293	0.11711368602679076	0.08875222049081911	0.08201604502121053	0.09579163549584178	0.10840755179487126	0.08439423722457877	0.10062948182376978	0.11674221162595819	0.10233986305409506	0.11063709459502663	0.10474715049915947	0.08253477011817835	0.12189450695604012	0.1393744615044991	0.11932362741597738	0.09847662870052186	0.11476680119117962	0.11912640232938496	0.13846865632582647	0.14779220222469033	0.10302687098348387	0.20617584652537227	0.10698595417511864	0.14172363001824098	0.14174570549281082	0.16566297432861424	0.15816888132803206	0.1434103087771243	0.14603654146205003	0.12679918701328824	0.13280622062154407	0.14203920513829638	0.15740258309648356	0.1602551877506695	0.13760025128846703	0.1528226181162334	0.14984456269352858	0.11410168578016924	0.13980015400663093	0.12190269654593028	0.148872775983872	0.1332123976496361	0.14382105086503907	0.047350784830105734
CM095	0.12532293496875507	0.09906236296330846	0.10283626981988919	0.13573194726079596	0.1577467045261277	0.10977550396101295	0.0	0.24371937130938037	0.25305844139565525	0.23835514617836498	0.129094963921819	0.24850932641299256	0.2501022027531938	0.07075310771030953	0.06456692847667092	0.09047636102716568	0.08411174842946863	0.08137049971416072	0.08347824687937953	0.10106481394582192	0.10248521910007302	0.10597100601377593	0.09421858576684933	0.08716541568003947	0.055799073757166605	0.07930321346738667	0.06427419792059039	0.11295716393138341	0.08498602125593259	0.04059712768686562	0.05519257282079484	0.09507926344823114	0.11579239561246163	0.10088020854146942	0.05324763345924068	0.05466027593429298	0.058684626998525766	0.06946044939940277	0.07131756577866373	0.07868056944243731	0.20078343275414076	0.10865783636149814	0.1800434549310186	0.1098660974835473	0.1403023842407138	0.1238001998216632	0.1030784367231996	0.12196394884248145	0.10133216508487171	0.11730434674922688	0.11874570418774562	0.11489636381421922	0.12316204248432377	0.11566571472978997	0.11930581250410942	0.08998477542278077	0.09640709546431515	0.1291245512889039	0.1601489860602108	0.08847866771892059	0.09179334957085278	0.08766698865899553	0.1120657848506145
CM110	0.1967255674002019	0.18720931908040012	0.19807283382429258	0.19534375107609664	0.13592067138307473	0.1874870118510753	0.24371937130938037	0.0	0.04954580814664478	0.056465177925331005	0.15994552247406776	0.1008660711514666	0.10954975723797057	0.20947182458639543	0.21061267906249978	0.18561703058622864	0.19722698017825796	0.19254643980071612	0.19099323646922148	0.19769735392975352	0.1974738170307421	0.1773634047509052	0.20495482141407978	0.2053390935821074	0.2510674328374341	0.2612598373545423	0.2836911910020981	0.2655034512620267	0.19351591375961213	0.23915639308978873	0.22390123790035743	0.1822993184852176	0.20719548590085096	0.18735534278977398	0.2482223409991795	0.23717591451253417	0.24029640586877188	0.23568689633828027	0.2334513579596151	0.21912141964858475	0.21571194788809295	0.17494324811293666	0.14825922299140512	0.18430915776412024	0.20908385460202694	0.20280590640327928	0.19052174856287518	0.1899822207696018	0.18508643452515475	0.19135484607193354	0.19672679489189068	0.2046108913108472	0.19486851347359918	0.1934691764588234	0.21053307800109702	0.23838973618762083	0.1906165935985181	0.1777982592538165	0.13993127482347384	0.24784975659516525	0.26480407084163554	0.2756501594935141	0.2029780462114797
CM118	0.1981319727892275	0.19481496789392957	0.2041263833597773	0.20651342192434785	0.14291244203111775	0.19709415799628915	0.25305844139565525	0.04954580814664478	0.0	0.06622946308185404	0.1753456011217937	0.09603877433968032	0.10753517537629995	0.214187478779959	0.21508176897754788	0.19368449577107735	0.20684574806056938	0.19908826875455257	0.20065049027487614	0.20133022276806495	0.20200157369365174	0.183886411710345	0.2197186970427225	0.21745495538415127	0.260212632042957	0.2707497623879278	0.2936639324804203	0.27654532478097515	0.20418583574030594	0.24854146678458755	0.23486147843816832	0.1896674051836189	0.19724266739153618	0.19341318548300884	0.25816129434008755	0.24714152733245157	0.24725078016515029	0.2413042313614853	0.24253676365519752	0.23022847134251465	0.22331198128391097	0.184036978436878	0.15476398107991096	0.19679865073389424	0.19976993017579828	0.19447830917855544	0.20080976130555056	0.18410211586830103	0.18627298992391936	0.18086237521883752	0.1906693242536527	0.19781547617870432	0.19010031395420993	0.18515822992753733	0.21853111815854878	0.24836373911585866	0.20098166716327928	0.17152845965732608	0.1396876612845869	0.25400998718394596	0.27148780736548817	0.284185311352835	0.2149515097850345
CM126	0.1846685720048522	0.18040883408231922	0.19086822760264507	0.19490861108801225	0.1131327610690735	0.17395104129471026	0.23835514617836498	0.056465177925331005	0.06622946308185404	0.0	0.15555423018154105	0.08199861708105648	0.09749561660272943	0.19455078201226264	0.19954413541865387	0.17066755557977797	0.19013527483852463	0.17915751460218818	0.182903001577722	0.18258567890922597	0.18332229203875555	0.16466296636576047	0.19851754732978172	0.19498213801651265	0.24255797357156092	0.2586101779674904	0.27778771140421943	0.26456182106405074	0.18496573660287885	0.23493514459243814	0.2198701328689162	0.17279442247887095	0.18253873404167853	0.17090670633640515	0.24190885724480155	0.2310260166860377	0.2317585550396148	0.2232732548044645	0.22758122644095594	0.21469592207105412	0.21335356935864588	0.16446797072123487	0.14158929309001025	0.17804305283015218	0.1910417367064094	0.18740317773885193	0.1815190299460773	0.16979237933198355	0.17116928236085588	0.16794904724246845	0.18276443479035448	0.1925822257209824	0.18716543547268522	0.1801166272823848	0.2075556843758313	0.23522664635288998	0.18673817271891346	0.1677145477786888	0.12259645657041504	0.2455006581370573	0.26166822865812883	0.27080846791658647	0.19815674559387372
CM153	0.15485966685585986	0.12328648637686333	0.1484692167509754	0.08449081627188298	0.11579736681400163	0.08355734433274428	0.129094963921819	0.15994552247406776	0.1753456011217937	0.15555423018154105	0.0	0.1637603430108387	0.1654770677735697	0.14565033389588758	0.1324988510184776	0.12856838423245864	0.13332625008476237	0.12730226661995805	0.13645908788081657	0.15244822724035548	0.12062158707584977	0.10735513801345534	0.08482693553965621	0.10178480621933246	0.13265127298433602	0.13179490537911326	0.153377603805766	0.13760015161546924	0.13181983059193897	0.1268262062631491	0.10212162648564052	0.14676837954146033	0.17400953094271993	0.15445014665605925	0.12512784876026928	0.13507482779101737	0.14854335644120967	0.17025740474771262	0.1661085077906184	0.12322724873035784	0.21666550757890787	0.1390457662023805	0.13353336779648994	0.14649270299592504	0.18873311756771344	0.17932524622873436	0.15499094943023434	0.1687537624137324	0.14968540967152233	0.16245855327912148	0.1634485845262301	0.17785650603101735	0.17253570213644978	0.15494306010779849	0.16630054004195585	0.15908716251750615	0.12064854221675404	0.15808031789258128	0.14117078905148303	0.16082096839553234	0.14309521085753932	0.15325127110073064	0.08562051637043139
CM165	0.19440208477203685	0.1886117115515981	0.20173200234727812	0.21725335365432932	0.1268041832876841	0.18699300242461875	0.24850932641299256	0.1008660711514666	0.09603877433968032	0.08199861708105648	0.1637603430108387	0.0	0.03189158204854586	0.19879103204022605	0.20503580725089013	0.1748148930019728	0.19727221048116525	0.18476215873635807	0.19142363990337127	0.18243467846964584	0.17732514581300507	0.16892526695477939	0.22127805911127543	0.21172341884495322	0.2531132163607462	0.26833314634949307	0.2872960392022459	0.2750684996892935	0.1969860329844523	0.2447659741833234	0.2331623861770677	0.18441817140784453	0.1874824283028696	0.17808153678338362	0.2513196386799086	0.24110974760278736	0.24061094098772823	0.2297049480841715	0.23796219459558077	0.22368739367657978	0.2345362584513404	0.17623771073341632	0.15698586964605682	0.2010432577998936	0.21068208125309126	0.2062045424528564	0.19836336366979251	0.18931897175555115	0.18299634548478935	0.18118026713545263	0.19604877100301146	0.20811065845335483	0.20800601491390527	0.19276073537529037	0.21896467103328113	0.24908797727347304	0.19550649377318394	0.19211960220201363	0.1521346534023786	0.2585308699827983	0.2756272501369136	0.2849884501904937	0.20969710067263184
CM166	0.19957940746709407	0.18787304610898578	0.20126017864362541	0.21984122356588198	0.13201529638738396	0.18919727909393064	0.2501022027531938	0.10954975723797057	0.10753517537629995	0.09749561660272943	0.1654770677735697	0.03189158204854586	0.0	0.19913770007473441	0.20578952016789234	0.1751019972753812	0.19642675794436554	0.1843740822864997	0.1922458163717252	0.18390085154663718	0.1770044838335349	0.1698125025904711	0.22396944490752352	0.21464315757681104	0.25428386794369373	0.26873999693004746	0.2889894570332595	0.276321309101419	0.1987210529158578	0.24578551690333753	0.2344815943380064	0.1846424242135387	0.19180133900927318	0.17857904111192446	0.25326639781338306	0.2432333498774591	0.24208378979225958	0.2310385205471686	0.2403170848649396	0.22602455953118908	0.24113131218398182	0.17747195928648204	0.16436770326465955	0.20469418934320682	0.21835496688540415	0.2144880615971534	0.2026496492785345	0.19696621445087403	0.18411639369213909	0.18518086036920628	0.19934674509036815	0.2142303658918051	0.21339647381998672	0.1952607004885893	0.21929802535460907	0.2515712136912019	0.19731600420485773	0.20053887289849798	0.16219103662809095	0.2602101690485636	0.2784502480016989	0.28799983181989297	0.21218350966106453
CM176	0.09765366190913989	0.06990061231973535	0.07798372991291214	0.16260592252976572	0.11372611432124298	0.11229209134122606	0.07075310771030953	0.20947182458639543	0.214187478779959	0.19455078201226264	0.14565033389588758	0.19879103204022605	0.19913770007473441	0.0	0.029657536872278133	0.03744933441034679	0.05090441423709795	0.03240238566062394	0.038695844279650886	0.06663924099892113	0.0796289313402032	0.08017492647911667	0.11173418812471322	0.09103174520268227	0.08523367688034168	0.1080661101345868	0.10856360996579624	0.14210461588323145	0.05367903296840938	0.07596106533091279	0.07694942526405972	0.0599104550735993	0.07116699253580235	0.05121301842529699	0.08827463715095023	0.07284403070330635	0.06696293209914857	0.04593755534273084	0.06328590226595723	0.09433376518428241	0.18779084656021558	0.07807277533697259	0.15178399901429768	0.08016069359003514	0.10814771575639479	0.0990341160170039	0.08664073765204654	0.09663047995363568	0.06584565460972164	0.08247142628352783	0.08783915885963034	0.09385079520092926	0.10107683359494228	0.08256613186793506	0.10324393958638962	0.08643397512522556	0.07732340385808992	0.11212631243434969	0.1305427518560894	0.09194857318408954	0.13116379161395075	0.12579030816518544	0.1278641875685673
CM179	0.09822967483856065	0.07169527987188645	0.0815932247217875	0.14562939535954764	0.11997199189238511	0.10078497922700887	0.06456692847667092	0.21061267906249978	0.21508176897754788	0.19954413541865387	0.1324988510184776	0.20503580725089013	0.20578952016789234	0.029657536872278133	0.0	0.05365701705728089	0.06426954808777227	0.040529544545550224	0.04571284586738204	0.06907776954240269	0.06865838371949427	0.07014850229380523	0.1114092011345612	0.09139595713502872	0.08519857454756205	0.09828119572305027	0.10682109881273248	0.12718184570072574	0.06607486673267603	0.06130920969578525	0.06853631965943313	0.07441207423067626	0.08924701259317376	0.0691604791964798	0.07433757831682859	0.05903013888957957	0.0539958265675356	0.05390715325024208	0.0731916417774337	0.07743284239829683	0.18903098202314392	0.0762663673050023	0.15041286725023675	0.09676336555283103	0.11980443803612084	0.10894440524591618	0.09705588898488386	0.10718577628714189	0.07931666367133322	0.09493030798283461	0.0910795682667533	0.105941922137185	0.11217326331270042	0.08745153309386067	0.10271393795033311	0.09311688602589656	0.07498048770319518	0.10763557292588068	0.1259459726518925	0.08035349776443712	0.11396434316135381	0.11431696192530612	0.11407578150109857
CM181	0.09614998400220112	0.06312208032789166	0.08312908510594656	0.15367573163496062	0.08644662108938772	0.10220474376610185	0.09047636102716568	0.18561703058622864	0.19368449577107735	0.17066755557977797	0.12856838423245864	0.1748148930019728	0.1751019972753812	0.03744933441034679	0.05365701705728089	0.0	0.04248219891158825	0.02508530772087468	0.03753894790564307	0.06874950112890017	0.0815594721549543	0.07625322735908327	0.10107056698976728	0.08246472926071094	0.09439793994215949	0.11512261315156531	0.12664297678014774	0.14807630459943835	0.05034574417377281	0.08750977181093389	0.08145291901829346	0.05316440208291458	0.06040016949548306	0.04569700855036086	0.10333616467589427	0.08442016793950523	0.08551145581439606	0.06675259153855555	0.07326680838067041	0.10403437897983102	0.183368884514769	0.07505023909958981	0.13789842806074618	0.08012693942264937	0.10498797470929429	0.09730532856436962	0.0861390210312671	0.08826298538845812	0.06206513398560916	0.07178860504118151	0.08469532423165159	0.09353661352962879	0.09357759958275579	0.08008454326844393	0.10524709033379878	0.09744135220475461	0.07272510693851025	0.10193627918590085	0.11724607860668033	0.10398027552716331	0.14297828875147536	0.13625932979042077	0.1187751842814545
CM182	0.10974710523769823	0.07494372874631504	0.08940720027847487	0.16204731557909288	0.11463061260975944	0.12340688807619227	0.08411174842946863	0.19722698017825796	0.20684574806056938	0.19013527483852463	0.13332625008476237	0.19727221048116525	0.19642675794436554	0.05090441423709795	0.06426954808777227	0.04248219891158825	0.0	0.03927694855904838	0.048399619153494645	0.09642119845635898	0.10553356944077114	0.09828270143254478	0.0955004047306812	0.06918096150694784	0.08671132004404038	0.11771424788512148	0.11354982946866718	0.15722955723423382	0.04756380574692401	0.09569228130665383	0.09133250588587981	0.04934181826339133	0.06640349494700257	0.05698012964401039	0.10777781014093023	0.08891800526311157	0.09208208063400032	0.07532016973531447	0.07691915077485219	0.11075952814522437	0.19538191968680815	0.09272090843787112	0.15068989652550346	0.07051415789519912	0.1012041516516	0.08751250637085015	0.07940624562072571	0.09132897630430334	0.06161199911301263	0.08348903902259465	0.09619857392769432	0.08904401101599091	0.09758697486487465	0.08955472071444028	0.11247927462753951	0.08075462964007103	0.08325442832506195	0.12037270784985882	0.1381445143702017	0.10632899523007136	0.14557012685926424	0.1369698164568988	0.12770223123189312
CM183	0.09724997040506454	0.060185659915369526	0.07710512676751316	0.1512543221238902	0.0963061028768872	0.10056638291020419	0.08137049971416072	0.19254643980071612	0.19908826875455257	0.17915751460218818	0.12730226661995805	0.18476215873635807	0.1843740822864997	0.03240238566062394	0.040529544545550224	0.02508530772087468	0.03927694855904838	0.0	0.030780406628584334	0.07046110716167589	0.07616053296553892	0.07225809888656648	0.10378857022541518	0.08153533204514402	0.08714307722853937	0.10300764323791904	0.1188012285367508	0.1414359511127878	0.05433614445003885	0.07696250467802125	0.07328842129881807	0.05304521573752166	0.06882914474717679	0.04912446186466278	0.09128317349702975	0.073013020450555	0.07343843992481812	0.05596533752799738	0.0707592743918596	0.09316145112218223	0.18532681873599277	0.07210103139840225	0.1424165659096022	0.08283876114788997	0.11229099920700604	0.10109632677747359	0.08713510629715981	0.09460956642487156	0.059902909162061944	0.07765033381784708	0.08046036340889148	0.09424617043981015	0.09637300747336136	0.07419049282145095	0.10046753559033814	0.08981738814405807	0.06954683523948103	0.10492788222949755	0.12248045813352955	0.09191746378675805	0.1317948749609375	0.12618872912001294	0.11564989013364672
CM184	0.08568982489788853	0.05636261311457615	0.06625882259822119	0.15531256668733784	0.10256250352392784	0.1096842663626293	0.08347824687937953	0.19099323646922148	0.20065049027487614	0.182903001577722	0.13645908788081657	0.19142363990337127	0.1922458163717252	0.038695844279650886	0.04571284586738204	0.03753894790564307	0.048399619153494645	0.030780406628584334	0.0	0.0654364144558576	0.08742015633521442	0.08716662805076371	0.11044687863594703	0.08991326244508709	0.09067232990105376	0.10561659759824134	0.11538247597643862	0.1402534199270725	0.045062650309140556	0.07144059533918837	0.06899369731974905	0.04575563521514398	0.06516167790459124	0.04612292014362965	0.08602697090352555	0.06685511197405439	0.06992523087913975	0.05882931211519932	0.057008599779122704	0.08613889330982241	0.17866442167316157	0.054494791447735565	0.14322042832950413	0.0711921787306795	0.10340694243828423	0.08892122947108463	0.07161707914093368	0.08550381194790607	0.051331936304963216	0.07146436932235825	0.06353149701243588	0.07700358240553566	0.0832674911497973	0.05659190517105379	0.07972665955421786	0.08437453012748747	0.0606346173741618	0.09077297141891369	0.11042735851728401	0.08423451600407403	0.12393183059606065	0.11836433630803896	0.11890650741907831
CM196	0.10180449264889979	0.06958860358355941	0.08265365751210413	0.15758283414784027	0.09265762967365052	0.11711368602679076	0.10106481394582192	0.19769735392975352	0.20133022276806495	0.18258567890922597	0.15244822724035548	0.18243467846964584	0.18390085154663718	0.06663924099892113	0.06907776954240269	0.06874950112890017	0.09642119845635898	0.07046110716167589	0.0654364144558576	0.0	0.051927484814282464	0.06507237688900908	0.15277971813967295	0.1307137331674692	0.11722935118947152	0.1351127819584692	0.14647555688874245	0.1441041360071788	0.08515224327433572	0.09010299476135028	0.10554271246324781	0.08486209340019564	0.08882562827109236	0.07572219503420542	0.10157249337253467	0.0891952392642747	0.07949833961939529	0.06962972787292443	0.07749357064894635	0.09035775585215983	0.16426318792445305	0.05506198853664224	0.1459686610020106	0.10464953964149608	0.12230609264278405	0.11220526774991191	0.0976557690369279	0.10697074855786196	0.08824203975812456	0.09620052752000573	0.08973130932515165	0.10884194110860294	0.11661335632534242	0.09565305629204761	0.08825999174350595	0.11113587299409003	0.07055501256189116	0.08968595276948754	0.10180516640315575	0.103102644615386	0.13241370679163128	0.14241758298779936	0.13240161899245023
CM198	0.13102839273532502	0.08488914321340314	0.10801785486569888	0.1305679196640479	0.10580463621586361	0.08875222049081911	0.10248521910007302	0.1974738170307421	0.20200157369365174	0.18332229203875555	0.12062158707584977	0.17732514581300507	0.1770044838335349	0.0796289313402032	0.06865838371949427	0.0815594721549543	0.10553356944077114	0.07616053296553892	0.08742015633521442	0.051927484814282464	0.0	0.02988815368681043	0.1330456253375337	0.11328543020596478	0.11140910564311242	0.12718101965077447	0.14456194437586511	0.1360844625504004	0.10221797424266116	0.09081312710007994	0.09335689174597432	0.10930112123510559	0.11206367392098744	0.09823232351983027	0.0975594940847711	0.08575142033744855	0.07766385796769103	0.0897104279553011	0.10745622347377207	0.07742823272600098	0.17468493424807693	0.08924177579314464	0.13867157196333305	0.1286372790429376	0.14978491623847565	0.1424215321818255	0.13153629261655406	0.1375481648551422	0.11005349088619565	0.1212250578738286	0.11667222817154894	0.13718724022499587	0.1410531899584003	0.11793988045104088	0.12069804807372421	0.12414570151522758	0.08722093454334331	0.12187802354524607	0.10945933651233697	0.11409416660585568	0.131105267081259	0.1400798080149654	0.10300110268565624
CM199	0.12905810668291595	0.08292404571840627	0.10899648695010408	0.11819592018015321	0.10209074733471031	0.08201604502121053	0.10597100601377593	0.1773634047509052	0.183886411710345	0.16466296636576047	0.10735513801345534	0.16892526695477939	0.1698125025904711	0.08017492647911667	0.07014850229380523	0.07625322735908327	0.09828270143254478	0.07225809888656648	0.08716662805076371	0.06507237688900908	0.02988815368681043	0.0	0.12510574512949618	0.1076075512957319	0.11776033027845957	0.1319788283401578	0.15106083548600996	0.1393451916328903	0.10415177451577386	0.09668385608627385	0.09558988186241925	0.10831367473514734	0.11842172625026212	0.09898656331371666	0.10421219431588345	0.09232616424907789	0.08563799692719398	0.09734277690337512	0.11556732966706632	0.08062038156212507	0.17439811245152048	0.09114925398219129	0.12203984595970356	0.12806457902072008	0.15410378061146052	0.14590044401909638	0.1341114744182099	0.14128530502642372	0.10983971947375162	0.12420832972986665	0.12123082425770565	0.1412791638559999	0.14454212281246137	0.12057679090774136	0.12356168702282486	0.1277788640834239	0.08902169932548666	0.1248034285444552	0.10526948433343987	0.11981085643367591	0.13346871427462792	0.14361388317477	0.09331038469904797
CM213	0.13308649810652118	0.11887745580648866	0.13137238880628696	0.11311682140989443	0.13147541742183622	0.09579163549584178	0.09421858576684933	0.20495482141407978	0.2197186970427225	0.19851754732978172	0.08482693553965621	0.22127805911127543	0.22396944490752352	0.11173418812471322	0.1114092011345612	0.10107056698976728	0.0955004047306812	0.10378857022541518	0.11044687863594703	0.15277971813967295	0.1330456253375337	0.12510574512949618	0.0	0.04531806140262412	0.07733387188491148	0.09878857940023453	0.0989660661480522	0.12797593430403986	0.08653685218074209	0.10516006121791903	0.06893399661718472	0.10556401576675378	0.1291647145776531	0.10771826423333782	0.10156242304238214	0.11224988948729717	0.12756156197221818	0.13888855661739286	0.13057271798164768	0.12851481615914467	0.22055291257412696	0.1393490976312059	0.17463864123003145	0.08715103706586258	0.13024996445870865	0.1250606309920001	0.10543101907774032	0.11646971299643094	0.11191957330644617	0.12121608017326282	0.13866740896162547	0.12520802062366124	0.12087790966207546	0.12997622747662302	0.1530716885651515	0.11262009759674951	0.12317324545239036	0.13803569829765616	0.15472022252426726	0.13449168235141246	0.12625140587320108	0.12262837216005217	0.08979151707631267
CM215	0.11637107063038234	0.10032191309069972	0.11400299828332307	0.12374891707034381	0.11638262761972658	0.10840755179487126	0.08716541568003947	0.2053390935821074	0.21745495538415127	0.19498213801651265	0.10178480621933246	0.21172341884495322	0.21464315757681104	0.09103174520268227	0.09139595713502872	0.08246472926071094	0.06918096150694784	0.08153533204514402	0.08991326244508709	0.1307137331674692	0.11328543020596478	0.1076075512957319	0.04531806140262412	0.0	0.07776542218815169	0.11171458824110306	0.10477698058696162	0.1417786358098118	0.060155417515466714	0.0960342419481732	0.0766344962460106	0.0803631067015815	0.10043240565851788	0.0861186206859828	0.11016645133917277	0.09068716980223883	0.10092852881012639	0.11075646509143433	0.10999912316601021	0.110225249501716	0.20733196550947777	0.11473288950346751	0.16012275685656369	0.06328014245701785	0.10590658709397051	0.09541193873126635	0.07802544869921316	0.08974024656442689	0.08608901031984288	0.09751446398251513	0.11226011462620407	0.09716558071726905	0.09917785325650635	0.10427439473262856	0.13235801387875204	0.08605377628803415	0.10540578541073789	0.11968587724624374	0.1384386782289676	0.11434900613279078	0.12503042322124536	0.11709601345142046	0.10790850521618382
CM219	0.14291622633908244	0.11620206299776678	0.12483656464046343	0.14852432866883378	0.16213590178751672	0.08439423722457877	0.055799073757166605	0.2510674328374341	0.260212632042957	0.24255797357156092	0.13265127298433602	0.2531132163607462	0.25428386794369373	0.08523367688034168	0.08519857454756205	0.09439793994215949	0.08671132004404038	0.08714307722853937	0.09067232990105376	0.11722935118947152	0.11140910564311242	0.11776033027845957	0.07733387188491148	0.07776542218815169	0.0	0.05887082616540927	0.0445965241224032	0.09624655860087974	0.07958709495135016	0.06697734062380652	0.05748933033441676	0.09445503928719189	0.10889156451319741	0.09496971173861987	0.06682357992801985	0.07596577314493894	0.08175495084217521	0.0911055358880078	0.0923855068155881	0.1019313904713049	0.2147258211084416	0.11665985254895865	0.19170660050110788	0.09739901965903326	0.13198173496070034	0.11850677879400663	0.10056583021611484	0.11424748798612552	0.10172399489361038	0.11673969620708867	0.1239424107121769	0.11651961577639924	0.12762576276946444	0.12116636984868606	0.13135301041307665	0.08853531994211385	0.11167533235534192	0.14279841306939484	0.16686396546475257	0.10190020071484762	0.10318168674841635	0.09600906152872592	0.09349102858188583
CM222	0.15469155268998291	0.12068565361020316	0.12915840499014294	0.15245438038176212	0.177880596277613	0.10062948182376978	0.07930321346738667	0.2612598373545423	0.2707497623879278	0.2586101779674904	0.13179490537911326	0.26833314634949307	0.26873999693004746	0.1080661101345868	0.09828119572305027	0.11512261315156531	0.11771424788512148	0.10300764323791904	0.10561659759824134	0.1351127819584692	0.12718101965077447	0.1319788283401578	0.09878857940023453	0.11171458824110306	0.05887082616540927	0.0	0.06591875680835776	0.05564766365619231	0.11475345267693295	0.07647986973628919	0.06819632543073517	0.13017422820880184	0.15199934533897605	0.134499192954529	0.07216319777828098	0.08509118770262689	0.10134581978390143	0.1166035756716547	0.111776581008372	0.102658626118709	0.22864560855250188	0.13526130539395673	0.2028055479273702	0.13755393778473324	0.17969974173810888	0.164420809079148	0.13644670675605552	0.15841816190230348	0.13345126818577158	0.1558780939849886	0.14260404085209286	0.1592110019482676	0.16132531863860286	0.13602914770736224	0.13916667517441508	0.12288667798045971	0.11699342977696772	0.1599882422129048	0.18371839560419964	0.11233957716936183	0.11771462255516404	0.11305466831341075	0.09041125908704284
CM229	0.15441562110015003	0.13347974487768893	0.1297931789162854	0.15600979627412995	0.1944239727954781	0.11674221162595819	0.06427419792059039	0.2836911910020981	0.2936639324804203	0.27778771140421943	0.153377603805766	0.2872960392022459	0.2889894570332595	0.10856360996579624	0.10682109881273248	0.12664297678014774	0.11354982946866718	0.1188012285367508	0.11538247597643862	0.14647555688874245	0.14456194437586511	0.15106083548600996	0.0989660661480522	0.10477698058696162	0.0445965241224032	0.06591875680835776	0.0	0.08926196763276158	0.10684532278375036	0.0695193862209926	0.07162212735571366	0.12431316123074211	0.14243298997549755	0.12994840950941977	0.06101174974974218	0.07539044855261129	0.0829759214980399	0.101680698884472	0.08898587111910933	0.09976183825151175	0.22263045297919548	0.1426795293185418	0.21281171490706202	0.12176693922843895	0.16251071667247685	0.14735567109449196	0.12124240323615502	0.1456736666396651	0.13222197771004623	0.14832287957746845	0.1431565057523756	0.13879621911907175	0.1519788082245263	0.1409660202996987	0.12958459420321866	0.08685619925276976	0.12812296451884114	0.1631500352964002	0.19627255181389028	0.09106127250364851	0.09491947116607917	0.0842437345463764	0.10570722610994512
CM230	0.1724694394371565	0.13649252586292326	0.1472911265894027	0.14093781878862133	0.18450727329643465	0.10233986305409506	0.11295716393138341	0.2655034512620267	0.27654532478097515	0.26456182106405074	0.13760015161546924	0.2750684996892935	0.276321309101419	0.14210461588323145	0.12718184570072574	0.14807630459943835	0.15722955723423382	0.1414359511127878	0.1402534199270725	0.1441041360071788	0.1360844625504004	0.1393451916328903	0.12797593430403986	0.1417786358098118	0.09624655860087974	0.05564766365619231	0.08926196763276158	0.0	0.14323182789281713	0.10502179359810451	0.09196445722250898	0.16354599087353935	0.18335158610115457	0.16561827159908615	0.09916798135887565	0.11705965384680084	0.1319708113355959	0.15320545092207538	0.14513921564575682	0.11393586205937764	0.23073299235278671	0.13954444996444168	0.20032257004109658	0.16732254927583912	0.205718051304145	0.19117505772781213	0.1665739986437792	0.18704925639457393	0.16483167437497773	0.18253716043711257	0.16710822259932379	0.1863184095131354	0.18903221630509137	0.16430927240816667	0.14929070454295437	0.1454475444362903	0.13297723035903752	0.1717784633279326	0.18368379783506306	0.13226930988023794	0.12072468468997616	0.13158261731495025	0.08948962373850503
CM246	0.089244892178073	0.07061228705645234	0.08018814230202548	0.15309484721807207	0.10137906511525072	0.11063709459502663	0.08498602125593259	0.19351591375961213	0.20418583574030594	0.18496573660287885	0.13181983059193897	0.1969860329844523	0.1987210529158578	0.05367903296840938	0.06607486673267603	0.05034574417377281	0.04756380574692401	0.05433614445003885	0.045062650309140556	0.08515224327433572	0.10221797424266116	0.10415177451577386	0.08653685218074209	0.060155417515466714	0.07958709495135016	0.11475345267693295	0.10684532278375036	0.14323182789281713	0.0	0.0904685832989644	0.07439866716298381	0.03526202129271963	0.06006010201353325	0.045895965125565485	0.10769799042408831	0.08567190275846494	0.0932944987313326	0.07761880310234784	0.0708378655039073	0.10864014338333315	0.18047603486333558	0.0702955109256422	0.1417378563265806	0.048741160803049036	0.08288292569380985	0.06837961253316145	0.05244889018659666	0.06369590294570909	0.05103045740274555	0.06225285933615178	0.07612815654381204	0.06788518041813343	0.07567224300449395	0.07063296191291958	0.09649493105209868	0.06561925335355719	0.0730237856881136	0.09171559667405946	0.11196455854801914	0.09622320814500025	0.12830009180384316	0.12134145128967877	0.12202944495561058
CM253	0.12154002933564066	0.0858813703088142	0.09460911130314156	0.12970148377253998	0.1496487594383947	0.10474715049915947	0.04059712768686562	0.23915639308978873	0.24854146678458755	0.23493514459243814	0.1268262062631491	0.2447659741833234	0.24578551690333753	0.07596106533091279	0.06130920969578525	0.08750977181093389	0.09569228130665383	0.07696250467802125	0.07144059533918837	0.09010299476135028	0.09081312710007994	0.09668385608627385	0.10516006121791903	0.0960342419481732	0.06697734062380652	0.07647986973628919	0.0695193862209926	0.10502179359810451	0.0904685832989644	0.0	0.04540708205338553	0.10216609489793989	0.12258998277281767	0.10643527374436468	0.03106879146188172	0.0295132559601525	0.04135906612562708	0.06112679316480096	0.06219424589080658	0.05706903710474644	0.19192198286040055	0.09075255674260267	0.16869821180946823	0.11518069540677338	0.1508952423960124	0.13431861627319344	0.10977290556940181	0.12990635544746978	0.10792767266659573	0.12329006757548389	0.09626762786612314	0.11793340026985052	0.126569592603741	0.0998772277392913	0.09649134020026327	0.09313029031252443	0.08241625191630607	0.11027711527155831	0.14515571019232015	0.07019676878651403	0.0760891510667818	0.07499184232948497	0.10716158936691404
CM254	0.10633682611034999	0.08442608044403913	0.08966421008971648	0.11301046684497254	0.13825561705646558	0.08253477011817835	0.05519257282079484	0.22390123790035743	0.23486147843816832	0.2198701328689162	0.10212162648564052	0.2331623861770677	0.2344815943380064	0.07694942526405972	0.06853631965943313	0.08145291901829346	0.09133250588587981	0.07328842129881807	0.06899369731974905	0.10554271246324781	0.09335689174597432	0.09558988186241925	0.06893399661718472	0.0766344962460106	0.05748933033441676	0.06819632543073517	0.07162212735571366	0.09196445722250898	0.07439866716298381	0.04540708205338553	0.0	0.08524165935678851	0.10993948260304476	0.09136989258346993	0.0502981976723326	0.056564154347935894	0.07208606906728618	0.08734015263647803	0.07723950754662637	0.07854647719087368	0.1927659153447061	0.09435693560125802	0.16009191518767002	0.09722480782735059	0.13584310246318906	0.12193649091820026	0.09856686459608589	0.1183476426489859	0.09350221756685263	0.11103519261559763	0.09626092466097298	0.10755086968444735	0.1115247480286336	0.09065720385070336	0.10446226624753747	0.08682734741012488	0.08444517802743569	0.11625613684794273	0.14033591920899027	0.08515016458736527	0.080741044339295	0.0799710095263891	0.07777639696017283
CM257	0.0793120657338018	0.07690878291838218	0.07109101965983837	0.17236630853380155	0.08772317774236361	0.12189450695604012	0.09507926344823114	0.1822993184852176	0.1896674051836189	0.17279442247887095	0.14676837954146033	0.18441817140784453	0.1846424242135387	0.0599104550735993	0.07441207423067626	0.05316440208291458	0.04934181826339133	0.05304521573752166	0.04575563521514398	0.08486209340019564	0.10930112123510559	0.10831367473514734	0.10556401576675378	0.0803631067015815	0.09445503928719189	0.13017422820880184	0.12431316123074211	0.16354599087353935	0.03526202129271963	0.10216609489793989	0.08524165935678851	0.0	0.04037206901818627	0.024574075010956806	0.118137121946756	0.09837345527342707	0.10170537075316	0.08478976019988382	0.07959309262163099	0.1221881271198628	0.19360828627749288	0.06135876246533217	0.1561868376068799	0.04771221692315714	0.07513718029809072	0.05994578612179252	0.04691950511099368	0.055601865731427315	0.031240813672694216	0.0479194062725423	0.06390075853212451	0.05327344391118753	0.06385695591195281	0.0583605012006782	0.08661528094945006	0.082854252543658	0.0853621830995948	0.08511378475655224	0.10541485032088282	0.11147177643996785	0.1459890859272447	0.13773366940318865	0.13588061796315573
