	CM009	CM021	CM086	CM110	CM176	CM179	CM181	CM184	CM198	CM199	CM222	CM246	CM257	CM259	CM260	CM261	CM262	CM293	CM362	CM372	CM436	CM437	CM438	CM444	CM452	CM469	CM471	CM538	CM557
CM009	0.0	0.23526723624081064	0.34394993045897077	0.4852175640770912	0.2996820981521955	0.3118815815616928	0.28940989469501294	0.30758990661633223	0.3708722431949136	0.37222332604808267	0.3524538048877409	0.3016491158354858	0.27085237432942577	0.2900854361215975	0.2733757202463739	0.3450029803298232	0.32950526524935425	0.3471090800715279	0.6754222133916153	0.2826544804291675	0.30403337969401945	0.28680707331611366	0.2716868666799126	0.28249552950526524	0.26836876614345323	0.3024637393204848	0.32630637790582157	0.3825352672362408	0.3109676137492549
CM021	0.23526723624081064	0.0	0.27933637989270815	0.48082654480429166	0.2579177428968806	0.2558315120206636	0.24893701569640372	0.23496920325849394	0.30721239817206436	0.3044903636002384	0.28124379097953506	0.28611166302404134	0.26226902443870453	0.27665408305185774	0.2578382674349295	0.26443473077687263	0.27162726008344923	0.2591297436916352	0.6564871845817604	0.22493542618716472	0.35426187164712897	0.32511424597655475	0.2938803894297636	0.22926683886350088	0.22110073514802306	0.2705543413471091	0.3358434333399563	0.38650904033379696	0.252533280349692
CM086	0.34394993045897077	0.27933637989270815	0.0	0.37343532684283726	0.24196304391019272	0.22553149215179813	0.22549175442082256	0.22809457579972184	0.2705543413471091	0.26175243393602227	0.26073912179614545	0.25416252731969	0.2396185177826346	0.25662626664017485	0.23566461355056625	0.2775879197297834	0.29926485197695213	0.264673157162726	0.65416252731969	0.23556526922312737	0.3441883568448242	0.3326246771309358	0.3128154182396185	0.29616530896085835	0.2883568448241605	0.34369163520762963	0.36689847009735743	0.3918935028809855	0.17134909596662032
CM110	0.4852175640770912	0.48082654480429166	0.37343532684283726	0.0	0.4721438505861315	0.4680906020266243	0.41033181005364594	0.42276971984899664	0.46123584343333995	0.42521359030399364	0.4901450427180608	0.4222729982118021	0.4103516789191337	0.44945360619908603	0.4323663818795947	0.5293264454599642	0.5229088019074111	0.5091992847208424	0.7083051857738923	0.43856546791178225	0.4537055434134711	0.4493145241406716	0.42656467315716273	0.4444466520961653	0.440492747864097	0.5107689250943771	0.5297039539042321	0.5889131730578184	0.4231670971587522
CM176	0.2996820981521955	0.2579177428968806	0.24196304391019272	0.4721438505861315	0.0	0.09431750447049474	0.1713689648321081	0.17178621100735147	0.2444466520961653	0.24468507848201868	0.2460758990661633	0.21271607391217962	0.1885157957480628	0.19117822372342538	0.17077289886747465	0.2357440890125174	0.225273196900457	0.2613153188952911	0.6379296642161733	0.23129346314325452	0.28074706934234056	0.276356050069541	0.2742896880588118	0.24273792966421617	0.24398966818994636	0.2966421617325651	0.31295450029803296	0.3930061593483012	0.28400556328233656
CM179	0.3118815815616928	0.2558315120206636	0.22553149215179813	0.4680906020266243	0.09431750447049474	0.0	0.19165507649513214	0.16922312735942777	0.2368567454798331	0.2310152990264256	0.2373733359825154	0.22569044307570038	0.20437115040731174	0.21589509239022453	0.1864494337373336	0.21051062984303595	0.21637194516193126	0.23407510431154382	0.6332207430955692	0.2227895887144844	0.30673554540035763	0.29256904430757	0.28984700973574407	0.2496920325849394	0.26409696006358035	0.2861514007550169	0.3219749652294854	0.37101132525332803	0.27057421021259687
CM181	0.28940989469501294	0.24893701569640372	0.22549175442082256	0.41033181005364594	0.1713689648321081	0.19165507649513214	0.0	0.13411484204251936	0.25396383866481226	0.2362408106497119	0.2165308960858335	0.19175442082257102	0.1344128750248361	0.13457182594873832	0.12183588317107093	0.2343930061593483	0.20854361215974568	0.2762368368766143	0.6384263858533678	0.22374329425789788	0.24544009537055433	0.23936022253129347	0.2356248758195907	0.20590105304987086	0.2081064971190145	0.2837075303000199	0.30673554540035763	0.3811444466520962	0.27200476852771704
CM184	0.30758990661633223	0.23496920325849394	0.22809457579972184	0.42276971984899664	0.17178621100735147	0.16922312735942777	0.13411484204251936	0.0	0.2535267236240811	0.23957878005165906	0.22410093383667792	0.19723822769719848	0.1302801510033777	0.15773892310749058	0.13266441486191138	0.20172859129743692	0.19145638784025432	0.24859924498311148	0.6321875620902047	0.19276773296244784	0.2746473276375919	0.2448638982714087	0.2323465130141069	0.16413669779455592	0.1728789986091794	0.24752632624677132	0.29584740711305385	0.3458772104112855	0.2592489568845619
CM198	0.3708722431949136	0.30721239817206436	0.2705543413471091	0.46123584343333995	0.2444466520961653	0.2368567454798331	0.25396383866481226	0.2535267236240811	0.0	0.1122193522749851	0.30435128154182395	0.32036558712497515	0.28178025034770515	0.27613749254917547	0.25722233260480826	0.2669183389628452	0.2623484999006557	0.27633618120405323	0.64619511225909	0.28422412080270215	0.3639976157361415	0.3580369560898073	0.36926286509040335	0.29715875223524735	0.3201668984700974	0.33649910590105303	0.37466719650307967	0.41627260083449236	0.3140472878998609
CM199	0.37222332604808267	0.3044903636002384	0.26175243393602227	0.42521359030399364	0.24468507848201868	0.2310152990264256	0.2362408106497119	0.23957878005165906	0.1122193522749851	0.0	0.29688058811841844	0.3150208623087622	0.2770514603616134	0.28189946354063183	0.2566063977746871	0.26987879992052455	0.2614742698191933	0.27631631233856546	0.6360222531293463	0.2799721835883171	0.3750447049473475	0.36775283131333203	0.36433538644943375	0.2966818994635406	0.3176832902841248	0.3434134710908007	0.37613749254917545	0.4159745678521756	0.3062785614941387
CM222	0.3524538048877409	0.28124379097953506	0.26073912179614545	0.4901450427180608	0.2460758990661633	0.2373733359825154	0.2165308960858335	0.22410093383667792	0.30435128154182395	0.29688058811841844	0.0	0.22513411484204252	0.24061196105702365	0.2687065368567455	0.24442678323067754	0.2069938406516988	0.20665606993840652	0.25489767534273794	0.6568249552950527	0.2852175640770912	0.326902443870455	0.3076892509437711	0.27438903238625073	0.26073912179614545	0.2639578780051659	0.2719848996622293	0.2564673157162726	0.29060202662427975	0.27200476852771704
CM246	0.3016491158354858	0.28611166302404134	0.25416252731969	0.4222729982118021	0.21271607391217962	0.22569044307570038	0.19175442082257102	0.19723822769719848	0.32036558712497515	0.3150208623087622	0.22513411484204252	0.0	0.18251539837075303	0.20524538048877408	0.19461553745281143	0.30117226306377903	0.27107093184979136	0.317842241208027	0.6659646334194318	0.23427379296642162	0.24738724418835684	0.22425988476058017	0.19948340949731772	0.23602225312934633	0.23494933439300617	0.30105304987085235	0.259149612557123	0.34369163520762963	0.2879793363798927
CM257	0.27085237432942577	0.26226902443870453	0.2396185177826346	0.4103516789191337	0.1885157957480628	0.20437115040731174	0.1344128750248361	0.1302801510033777	0.28178025034770515	0.2770514603616134	0.24061196105702365	0.18251539837075303	0.0	0.1017484601629247	0.09562884959268826	0.2579177428968806	0.2297635605006954	0.3110868269421816	0.6617325650705345	0.19493343930061593	0.21730578183985694	0.19632425988476057	0.18948937015696404	0.18581363004172463	0.1785416252731969	0.2792767732962448	0.27520365587124973	0.37170673554540035	0.27816411682892905
CM259	0.2900854361215975	0.27665408305185774	0.25662626664017485	0.44945360619908603	0.19117822372342538	0.21589509239022453	0.13457182594873832	0.15773892310749058	0.27613749254917547	0.28189946354063183	0.2687065368567455	0.20524538048877408	0.1017484601629247	0.0	0.07564077091198093	0.2823564474468508	0.2554738724418836	0.3294655275183787	0.6747466719650308	0.220107291873634	0.1940393403536658	0.19036360023842638	0.208424398966819	0.18944963242598847	0.18869461553745281	0.29318497913769126	0.2922511424597655	0.4035763957878005	0.3031988873435327
CM260	0.2733757202463739	0.2578382674349295	0.23566461355056625	0.4323663818795947	0.17077289886747465	0.1864494337373336	0.12183588317107093	0.13266441486191138	0.25722233260480826	0.2566063977746871	0.24442678323067754	0.19461553745281143	0.09562884959268826	0.07564077091198093	0.0	0.25918935028809853	0.2310152990264256	0.3042121994834095	0.6651897476654083	0.20413272402145838	0.20532485595072522	0.1983508841645142	0.19970196701768328	0.17836280548380687	0.17355454003576395	0.2638982714087026	0.2789390025829525	0.37818398569441686	0.28052851182197497
CM261	0.3450029803298232	0.26443473077687263	0.2775879197297834	0.5293264454599642	0.2357440890125174	0.21051062984303595	0.2343930061593483	0.20172859129743692	0.2669183389628452	0.26987879992052455	0.2069938406516988	0.30117226306377903	0.2579177428968806	0.2823564474468508	0.25918935028809853	0.0	0.11035167891913372	0.1848003179018478	0.6309358235644744	0.2707331611364991	0.37814424796344126	0.3465130141068945	0.3207033578382674	0.22517385257301809	0.23955891118617126	0.23177031591496125	0.2994436717663421	0.28937015696403734	0.2877607788595271
CM262	0.32950526524935425	0.27162726008344923	0.29926485197695213	0.5229088019074111	0.225273196900457	0.21637194516193126	0.20854361215974568	0.19145638784025432	0.2623484999006557	0.2614742698191933	0.20665606993840652	0.27107093184979136	0.2297635605006954	0.2554738724418836	0.2310152990264256	0.11035167891913372	0.0	0.1712497516391814	0.6356248758195907	0.25608980727200475	0.3439101927279952	0.31289489370156964	0.289767534273793	0.21615338764156566	0.22797536260679516	0.20743095569242997	0.26149413868468113	0.27923703556526924	0.3019471488178025
CM293	0.3471090800715279	0.2591297436916352	0.264673157162726	0.5091992847208424	0.2613153188952911	0.23407510431154382	0.2762368368766143	0.24859924498311148	0.27633618120405323	0.27631631233856546	0.25489767534273794	0.317842241208027	0.3110868269421816	0.3294655275183787	0.3042121994834095	0.1848003179018478	0.1712497516391814	0.0	0.624458573415458	0.222372342539241	0.38923107490562286	0.35732167693224715	0.3262865090403338	0.2652890919928472	0.2695211603417445	0.20323862507450824	0.2949731770315915	0.30407311742499504	0.23949930458970792
CM362	0.6754222133916153	0.6564871845817604	0.65416252731969	0.7083051857738923	0.6379296642161733	0.6332207430955692	0.6384263858533678	0.6321875620902047	0.64619511225909	0.6360222531293463	0.6568249552950527	0.6659646334194318	0.6617325650705345	0.6747466719650308	0.6651897476654083	0.6309358235644744	0.6356248758195907	0.624458573415458	0.0	0.6531492151798133	0.709239022451818	0.6936220941784225	0.6816212994238029	0.6743294257897874	0.6734154579773495	0.6641764355255315	0.6715875223524737	0.6939002582952514	0.6482614742698192
CM372	0.2826544804291675	0.22493542618716472	0.23556526922312737	0.43856546791178225	0.23129346314325452	0.2227895887144844	0.22374329425789788	0.19276773296244784	0.28422412080270215	0.2799721835883171	0.2852175640770912	0.23427379296642162	0.19493343930061593	0.220107291873634	0.20413272402145838	0.2707331611364991	0.25608980727200475	0.222372342539241	0.6531492151798133	0.0	0.28567454798331016	0.24593681700774886	0.21937214385058612	0.18261474269819195	0.19833101529902641	0.2644545996423604	0.32630637790582157	0.3824359229088019	0.21593483012120007
CM436	0.30403337969401945	0.35426187164712897	0.3441883568448242	0.4537055434134711	0.28074706934234056	0.30673554540035763	0.24544009537055433	0.2746473276375919	0.3639976157361415	0.3750447049473475	0.326902443870455	0.24738724418835684	0.21730578183985694	0.1940393403536658	0.20532485595072522	0.37814424796344126	0.3439101927279952	0.38923107490562286	0.709239022451818	0.28567454798331016	0.0	0.09205245380488775	0.15465924895688457	0.24915557321676932	0.24714881780250347	0.32604808265448043	0.25630836479237035	0.3975163918140274	0.36145440095370557
CM437	0.28680707331611366	0.32511424597655475	0.3326246771309358	0.4493145241406716	0.276356050069541	0.29256904430757	0.23936022253129347	0.2448638982714087	0.3580369560898073	0.36775283131333203	0.3076892509437711	0.22425988476058017	0.19632425988476057	0.19036360023842638	0.1983508841645142	0.3465130141068945	0.31289489370156964	0.35732167693224715	0.6936220941784225	0.24593681700774886	0.09205245380488775	0.0	0.11617325650705344	0.21217961454400955	0.21162328631035168	0.29737730975561294	0.23731372938605205	0.3720643751241804	0.34200278164116826
CM438	0.2716868666799126	0.2938803894297636	0.3128154182396185	0.42656467315716273	0.2742896880588118	0.28984700973574407	0.2356248758195907	0.2323465130141069	0.36926286509040335	0.36433538644943375	0.27438903238625073	0.19948340949731772	0.18948937015696404	0.208424398966819	0.19970196701768328	0.3207033578382674	0.289767534273793	0.3262865090403338	0.6816212994238029	0.21937214385058612	0.15465924895688457	0.11617325650705344	0.0	0.20021855752036558	0.1943572422014703	0.28156169282733956	0.23272402145837473	0.34394993045897077	0.3057222332604808
CM444	0.28249552950526524	0.22926683886350088	0.29616530896085835	0.4444466520961653	0.24273792966421617	0.2496920325849394	0.20590105304987086	0.16413669779455592	0.29715875223524735	0.2966818994635406	0.26073912179614545	0.23602225312934633	0.18581363004172463	0.18944963242598847	0.17836280548380687	0.22517385257301809	0.21615338764156566	0.2652890919928472	0.6743294257897874	0.18261474269819195	0.24915557321676932	0.21217961454400955	0.20021855752036558	0.0	0.1057421021259686	0.21162328631035168	0.29543016093781044	0.34520166898470095	0.2848996622292867
CM452	0.26836876614345323	0.22110073514802306	0.2883568448241605	0.440492747864097	0.24398966818994636	0.26409696006358035	0.2081064971190145	0.1728789986091794	0.3201668984700974	0.3176832902841248	0.2639578780051659	0.23494933439300617	0.1785416252731969	0.18869461553745281	0.17355454003576395	0.23955891118617126	0.22797536260679516	0.2695211603417445	0.6734154579773495	0.19833101529902641	0.24714881780250347	0.21162328631035168	0.1943572422014703	0.1057421021259686	0.0	0.22102125968607192	0.2858136300417246	0.3489568845618915	0.26399761573614144
CM469	0.3024637393204848	0.2705543413471091	0.34369163520762963	0.5107689250943771	0.2966421617325651	0.2861514007550169	0.2837075303000199	0.24752632624677132	0.33649910590105303	0.3434134710908007	0.2719848996622293	0.30105304987085235	0.2792767732962448	0.29318497913769126	0.2638982714087026	0.23177031591496125	0.20743095569242997	0.20323862507450824	0.6641764355255315	0.2644545996423604	0.32604808265448043	0.29737730975561294	0.28156169282733956	0.21162328631035168	0.22102125968607192	0.0	0.2400158950923902	0.2557917742896881	0.2898072720047685
CM471	0.32630637790582157	0.3358434333399563	0.36689847009735743	0.5297039539042321	0.31295450029803296	0.3219749652294854	0.30673554540035763	0.29584740711305385	0.37466719650307967	0.37613749254917545	0.2564673157162726	0.259149612557123	0.27520365587124973	0.2922511424597655	0.2789390025829525	0.2994436717663421	0.26149413868468113	0.2949731770315915	0.6715875223524737	0.32630637790582157	0.25630836479237035	0.23731372938605205	0.23272402145837473	0.29543016093781044	0.2858136300417246	0.2400158950923902	0.0	0.21162328631035168	0.33145241406715675
CM538	0.3825352672362408	0.38650904033379696	0.3918935028809855	0.5889131730578184	0.3930061593483012	0.37101132525332803	0.3811444466520962	0.3458772104112855	0.41627260083449236	0.4159745678521756	0.29060202662427975	0.34369163520762963	0.37170673554540035	0.4035763957878005	0.37818398569441686	0.28937015696403734	0.27923703556526924	0.30407311742499504	0.6939002582952514	0.3824359229088019	0.3975163918140274	0.3720643751241804	0.34394993045897077	0.34520166898470095	0.3489568845618915	0.2557917742896881	0.21162328631035168	0.0	0.35038744287701173
CM557	0.3109676137492549	0.252533280349692	0.17134909596662032	0.4231670971587522	0.28400556328233656	0.27057421021259687	0.27200476852771704	0.2592489568845619	0.3140472878998609	0.3062785614941387	0.27200476852771704	0.2879793363798927	0.27816411682892905	0.3031988873435327	0.28052851182197497	0.2877607788595271	0.3019471488178025	0.23949930458970792	0.6482614742698192	0.21593483012120007	0.36145440095370557	0.34200278164116826	0.3057222332604808	0.2848996622292867	0.26399761573614144	0.2898072720047685	0.33145241406715675	0.35038744287701173	0.0
