	CM009	CM021	CM086	CM110	CM176	CM179	CM181	CM184	CM198	CM199	CM222	CM246	CM257	CM259	CM260	CM261	CM262	CM293	CM362	CM372	CM436	CM437	CM438	CM444	CM452	CM469	CM471	CM538	CM557
CM009	0.0	0.3402406161235864	0.4335872886851385	0.5368956522548264	0.4053864881932437	0.43866752134256726	0.43151841042413513	0.38832107802670424	0.44204800797827154	0.43052279898689244	0.44705609850458167	0.3900310184364141	0.41170831129911967	0.40682085041945476	0.4032441670782692	0.4635152752600488	0.4743916138683061	0.45039765866566	0.686831164717023	0.42659151663484046	0.47224496046943765	0.399579225387602	0.39772416721133863	0.4062306329971432	0.4248293139821095	0.42494837861164364	0.45913000609481924	0.5061408231491622	0.44516529071405375
CM021	0.3402406161235864	0.0	0.43060135039180675	0.5448753745044621	0.39934769226128075	0.43606546503515786	0.40821943329429033	0.37915218101289233	0.4458860741518886	0.4279362363715704	0.4110175717765053	0.40700834486854526	0.38098154689178987	0.39847610859523774	0.3753481354383675	0.4122905529814759	0.43914548678477605	0.40218019860277376	0.6694745065767147	0.40863424877340326	0.46672648338687417	0.4240550804794265	0.4298710813253158	0.358800874934907	0.3888909531033722	0.41161285955832877	0.46132682516293205	0.4876551397204373	0.444360865590523
CM086	0.4335872886851385	0.43060135039180675	0.0	0.3996016553618705	0.3480204658830279	0.37974941865368583	0.4008539434767276	0.3476500258821782	0.44390696364161497	0.4032250364231305	0.44727779859098526	0.39987035783554914	0.4011230496112361	0.3824123027340989	0.3330576986500912	0.4634424158546394	0.4379388897468065	0.4514050774882555	0.7073870968030833	0.43047084846188943	0.5124779983646163	0.45031275830894485	0.44173489102860736	0.40257527977450225	0.4093319830691944	0.4553002748674396	0.48758205462096554	0.5276530326270177	0.40398726858201145
CM110	0.5368956522548264	0.5448753745044621	0.3996016553618705	0.0	0.4982739579445429	0.4626557343831608	0.4741682282742114	0.4572054835746494	0.5420839376720379	0.5207069514864419	0.5420475751700747	0.4961043469778913	0.5181208712334192	0.5101617191159058	0.44647970030611966	0.5672462267611195	0.5364645964301714	0.536599216123773	0.7523130614996486	0.567425500377962	0.5171962594392521	0.5237042808824426	0.4772036925996904	0.5085229033220722	0.4564651357808984	0.5555220024617898	0.582581631402747	0.6143841821111994	0.44697869283572983
CM176	0.4053864881932437	0.39934769226128075	0.3480204658830279	0.4982739579445429	0.0	0.32109835658885094	0.3293188343496845	0.2975636399639504	0.392978555528445	0.3665372541082469	0.362211768901659	0.2809147437560794	0.34792335390574297	0.3399883899826791	0.2954565583150708	0.3768879015329844	0.34820898618608775	0.39302377123404375	0.6711592208347641	0.4085696862613644	0.4261581334342179	0.36588792252153884	0.37391756740668214	0.3266762529698958	0.3516586047818629	0.42526955649635645	0.42958332719009057	0.45789328868929985	0.39815054856707177
CM179	0.43866752134256726	0.43606546503515786	0.37974941865368583	0.4626557343831608	0.32109835658885094	0.0	0.4195749428617965	0.34821145433671463	0.44738381074684735	0.40003014314893753	0.47686427657477476	0.3859036161333747	0.4577444562288915	0.4105240500655903	0.3388441533361257	0.47524198212215124	0.4489732415457224	0.43479375731141623	0.7352866820758533	0.4782392923329839	0.472170901332153	0.46743785561178974	0.4105135988675576	0.41939180538780224	0.3580647459570164	0.476180929113731	0.5411395178117926	0.5493337867850087	0.37761358936809064
CM181	0.43151841042413513	0.40821943329429033	0.4008539434767276	0.4741682282742114	0.3293188343496845	0.4195749428617965	0.0	0.2885889399999634	0.4004889319269294	0.40297598738354445	0.3641687209831591	0.33909943270536336	0.35549607163495395	0.2890156323057419	0.2748391403142641	0.3665694694622268	0.350492262077671	0.41858557494540444	0.6350220795758904	0.39200086460295724	0.4086356509506232	0.3585628206306749	0.3692879601158697	0.31022834725561765	0.37541370865290813	0.3673071172260156	0.42031803933761125	0.4636448615874598	0.45347984682322484
CM184	0.38832107802670424	0.37915218101289233	0.3476500258821782	0.4572054835746494	0.2975636399639504	0.34821145433671463	0.2885889399999634	0.0	0.3797367438758444	0.33970623964477736	0.35753430739404074	0.3227699672473026	0.32088105487058877	0.25824151295157133	0.22747952496823262	0.36494149444115365	0.3372264506050774	0.3960998837710414	0.6495813370459375	0.4096407552595121	0.4316941419706277	0.3395133026635577	0.3425772563374817	0.3030119833983333	0.32892048041079625	0.3546364515893117	0.4119383020268047	0.46075803432731816	0.40987953492201495
CM198	0.44204800797827154	0.4458860741518886	0.44390696364161497	0.5420839376720379	0.392978555528445	0.44738381074684735	0.4004889319269294	0.3797367438758444	0.0	0.33444158167568416	0.40627813419875974	0.4079247836974713	0.3804652288825889	0.35742960841927535	0.36411875415714484	0.3931759436810028	0.396751027134827	0.45891437594827206	0.6399973597835384	0.44014616136313417	0.42751675029316566	0.408810442135047	0.4303191822124876	0.36742375551102296	0.4063095548212937	0.40186159269003247	0.44682156899813563	0.4736713067415719	0.4730540080402226
CM199	0.43052279898689244	0.4279362363715704	0.4032250364231305	0.5207069514864419	0.3665372541082469	0.40003014314893753	0.40297598738354445	0.33970623964477736	0.33444158167568416	0.0	0.4189167141063781	0.3785284554925095	0.4097314056192771	0.3582229717302828	0.33780424105091483	0.4192916343062131	0.4103362435488745	0.45880847021741233	0.6879210508410335	0.4397241731928597	0.4776283293319696	0.42860588860038645	0.42076026389927085	0.3844926808341586	0.40655990799370234	0.4443618063742641	0.47574419485742897	0.503151630747785	0.44670845473922965
CM222	0.44705609850458167	0.4110175717765053	0.44727779859098526	0.5420475751700747	0.362211768901659	0.47686427657477476	0.3641687209831591	0.35753430739404074	0.40627813419875974	0.4189167141063781	0.0	0.3547208627680689	0.3335210548819102	0.34043307930156746	0.355054749898522	0.3425510531102269	0.35607880104319145	0.38846707602084257	0.590642109771047	0.4251708953387065	0.35180520360027806	0.3279170512993738	0.35394628777267984	0.32893656302297025	0.3837088349338931	0.3681516972022114	0.3100070879570611	0.3765405569195106	0.49089832072497863
CM246	0.3900310184364141	0.40700834486854526	0.39987035783554914	0.4961043469778913	0.2809147437560794	0.3859036161333747	0.33909943270536336	0.3227699672473026	0.4079247836974713	0.3785284554925095	0.3547208627680689	0.0	0.3170546557872105	0.3466271289666968	0.2891876281197052	0.4065797104239808	0.3825744158577875	0.443111621938862	0.6741257185252132	0.42058156602792646	0.4314641895626856	0.364420197126229	0.3470001682094877	0.3432206891743703	0.3649192892199643	0.42213791669839	0.4136869915195151	0.4587047280123791	0.3972114832560285
CM257	0.41170831129911967	0.38098154689178987	0.4011230496112361	0.5181208712334192	0.34792335390574297	0.4577444562288915	0.35549607163495395	0.32088105487058877	0.3804652288825889	0.4097314056192771	0.3335210548819102	0.3170546557872105	0.0	0.2832492872898555	0.3186767069285984	0.3726915689198082	0.38601168634327454	0.44868012815160685	0.6220017084734871	0.36076507315174927	0.38253505218863687	0.330155454924523	0.3667743881206511	0.3018678898242966	0.3612960605677423	0.3963258049664676	0.4090418065467284	0.47969192804464006	0.4437476220481881
CM259	0.40682085041945476	0.39847610859523774	0.3824123027340989	0.5101617191159058	0.3399883899826791	0.4105240500655903	0.2890156323057419	0.25824151295157133	0.35742960841927535	0.3582229717302828	0.34043307930156746	0.3466271289666968	0.2832492872898555	0.0	0.2592941773443927	0.310405177761792	0.31575777900089025	0.4116631931149854	0.6228143994830311	0.3555754333838272	0.376808563954594	0.32740461812707733	0.3472899771705406	0.27369754131256147	0.33261146406333547	0.34262653054057285	0.3815801979902568	0.432959986999313	0.4262301434179501
CM260	0.4032441670782692	0.3753481354383675	0.3330576986500912	0.44647970030611966	0.2954565583150708	0.3388441533361257	0.2748391403142641	0.22747952496823262	0.36411875415714484	0.33780424105091483	0.355054749898522	0.2891876281197052	0.3186767069285984	0.2592941773443927	0.0	0.354293309690679	0.30814502812737193	0.38488969325974726	0.6695886627978134	0.4181823613261822	0.42890971036245606	0.3682424404746007	0.3752085341579226	0.30845195758011046	0.33685089934169904	0.37824007931258713	0.4292323405938287	0.4800274048941112	0.40496661869002776
CM261	0.4635152752600488	0.4122905529814759	0.4634424158546394	0.5672462267611195	0.3768879015329844	0.47524198212215124	0.3665694694622268	0.36494149444115365	0.3931759436810028	0.4192916343062131	0.3425510531102269	0.4065797104239808	0.3726915689198082	0.310405177761792	0.354293309690679	0.0	0.30394555455252203	0.4063711403272298	0.5880604879103494	0.40262569514171903	0.4347368247689146	0.39412590289849375	0.41947187848683953	0.36073907269347827	0.3992744427608867	0.3769885742226222	0.383277580757542	0.3881482757102686	0.4966753419750542
CM262	0.4743916138683061	0.43914548678477605	0.4379388897468065	0.5364645964301714	0.34820898618608775	0.4489732415457224	0.350492262077671	0.3372264506050774	0.396751027134827	0.4103362435488745	0.35607880104319145	0.3825744158577875	0.38601168634327454	0.31575777900089025	0.30814502812737193	0.30394555455252203	0.0	0.40712577704889746	0.6248709554065661	0.4324600890226951	0.44477305356190916	0.38670285267945304	0.4260913616541792	0.35894869084853476	0.37156216061342556	0.3956044397906306	0.3812886848897378	0.4343779359772335	0.465691724935452
CM293	0.45039765866566	0.40218019860277376	0.4514050774882555	0.536599216123773	0.39302377123404375	0.43479375731141623	0.41858557494540444	0.3960998837710414	0.45891437594827206	0.45880847021741233	0.38846707602084257	0.443111621938862	0.44868012815160685	0.4116631931149854	0.38488969325974726	0.4063711403272298	0.40712577704889746	0.0	0.636503947537563	0.4231212019214763	0.481915046064748	0.44176814245829454	0.46087208644038585	0.37733488126992565	0.436343930658294	0.3827869528103168	0.4437487476323136	0.4668496900442213	0.4389368457254047
CM362	0.686831164717023	0.6694745065767147	0.7073870968030833	0.7523130614996486	0.6711592208347641	0.7352866820758533	0.6350220795758904	0.6495813370459375	0.6399973597835384	0.6879210508410335	0.590642109771047	0.6741257185252132	0.6220017084734871	0.6228143994830311	0.6695886627978134	0.5880604879103494	0.6248709554065661	0.636503947537563	0.0	0.5911299937617888	0.6052826497962476	0.5990225778339147	0.6546771083145619	0.6187683059876514	0.6566913242359617	0.6011537544385266	0.5830121413539819	0.5837885589349936	0.7239960640168662
CM372	0.42659151663484046	0.40863424877340326	0.43047084846188943	0.567425500377962	0.4085696862613644	0.4782392923329839	0.39200086460295724	0.4096407552595121	0.44014616136313417	0.4397241731928597	0.4251708953387065	0.42058156602792646	0.36076507315174927	0.3555754333838272	0.4181823613261822	0.40262569514171903	0.4324600890226951	0.4231212019214763	0.5911299937617888	0.0	0.419304807602352	0.38981949440283475	0.3943427640539018	0.344468039562585	0.3950886202971407	0.38003331742663454	0.4406161939022696	0.4246893551336861	0.4479290044260832
CM436	0.47224496046943765	0.46672648338687417	0.5124779983646163	0.5171962594392521	0.4261581334342179	0.472170901332153	0.4086356509506232	0.4316941419706277	0.42751675029316566	0.4776283293319696	0.35180520360027806	0.4314641895626856	0.38253505218863687	0.376808563954594	0.42890971036245606	0.4347368247689146	0.44477305356190916	0.481915046064748	0.6052826497962476	0.419304807602352	0.0	0.3024749457562791	0.2789099001699695	0.33558261060808764	0.3255548808654922	0.4182011915633403	0.3863336026456267	0.45885600468686394	0.4589556333211103
CM437	0.399579225387602	0.4240550804794265	0.45031275830894485	0.5237042808824426	0.36588792252153884	0.46743785561178974	0.3585628206306749	0.3395133026635577	0.408810442135047	0.42860588860038645	0.3279170512993738	0.364420197126229	0.330155454924523	0.32740461812707733	0.3682424404746007	0.39412590289849375	0.38670285267945304	0.44176814245829454	0.5990225778339147	0.38981949440283475	0.3024749457562791	0.0	0.2806918299099126	0.3195663352431498	0.2983997990481793	0.35567743655682865	0.3527997680153591	0.39418231476413457	0.4664736251288013
CM438	0.39772416721133863	0.4298710813253158	0.44173489102860736	0.4772036925996904	0.37391756740668214	0.4105135988675576	0.3692879601158697	0.3425772563374817	0.4303191822124876	0.42076026389927085	0.35394628777267984	0.3470001682094877	0.3667743881206511	0.3472899771705406	0.3752085341579226	0.41947187848683953	0.4260913616541792	0.46087208644038585	0.6546771083145619	0.3943427640539018	0.2789099001699695	0.2806918299099126	0.0	0.3292012028727983	0.26411561585440707	0.40293941160059216	0.365704177478721	0.4373146946994438	0.39090883480865296
CM444	0.4062306329971432	0.358800874934907	0.40257527977450225	0.5085229033220722	0.3266762529698958	0.41939180538780224	0.31022834725561765	0.3030119833983333	0.36742375551102296	0.3844926808341586	0.32893656302297025	0.3432206891743703	0.3018678898242966	0.27369754131256147	0.30845195758011046	0.36073907269347827	0.35894869084853476	0.37733488126992565	0.6187683059876514	0.344468039562585	0.33558261060808764	0.3195663352431498	0.3292012028727983	0.0	0.3099665791445109	0.3489789647642582	0.41311762211772984	0.42317468448662565	0.43672589773286896
CM452	0.4248293139821095	0.3888909531033722	0.4093319830691944	0.4564651357808984	0.3516586047818629	0.3580647459570164	0.37541370865290813	0.32892048041079625	0.4063095548212937	0.40655990799370234	0.3837088349338931	0.3649192892199643	0.3612960605677423	0.33261146406333547	0.33685089934169904	0.3992744427608867	0.37156216061342556	0.436343930658294	0.6566913242359617	0.3950886202971407	0.3255548808654922	0.2983997990481793	0.26411561585440707	0.3099665791445109	0.0	0.3857282421018587	0.4282674301573024	0.4500122979789327	0.3395015786521694
CM469	0.42494837861164364	0.41161285955832877	0.4553002748674396	0.5555220024617898	0.42526955649635645	0.476180929113731	0.3673071172260156	0.3546364515893117	0.40186159269003247	0.4443618063742641	0.3681516972022114	0.42213791669839	0.3963258049664676	0.34262653054057285	0.37824007931258713	0.3769885742226222	0.3956044397906306	0.3827869528103168	0.6011537544385266	0.38003331742663454	0.4182011915633403	0.35567743655682865	0.40293941160059216	0.3489789647642582	0.3857282421018587	0.0	0.33942799862648027	0.3676056665695854	0.46956035997593554
CM471	0.45913000609481924	0.46132682516293205	0.48758205462096554	0.582581631402747	0.42958332719009057	0.5411395178117926	0.42031803933761125	0.4119383020268047	0.44682156899813563	0.47574419485742897	0.3100070879570611	0.4136869915195151	0.4090418065467284	0.3815801979902568	0.4292323405938287	0.383277580757542	0.3812886848897378	0.4437487476323136	0.5830121413539819	0.4406161939022696	0.3863336026456267	0.3527997680153591	0.365704177478721	0.41311762211772984	0.4282674301573024	0.33942799862648027	0.0	0.34475508106730257	0.5198330915985829
CM538	0.5061408231491622	0.4876551397204373	0.5276530326270177	0.6143841821111994	0.45789328868929985	0.5493337867850087	0.4636448615874598	0.46075803432731816	0.4736713067415719	0.503151630747785	0.3765405569195106	0.4587047280123791	0.47969192804464006	0.432959986999313	0.4800274048941112	0.3881482757102686	0.4343779359772335	0.4668496900442213	0.5837885589349936	0.4246893551336861	0.45885600468686394	0.39418231476413457	0.4373146946994438	0.42317468448662565	0.4500122979789327	0.3676056665695854	0.34475508106730257	0.0	0.5386627828341645
CM557	0.44516529071405375	0.444360865590523	0.40398726858201145	0.44697869283572983	0.39815054856707177	0.37761358936809064	0.45347984682322484	0.40987953492201495	0.4730540080402226	0.44670845473922965	0.49089832072497863	0.3972114832560285	0.4437476220481881	0.4262301434179501	0.40496661869002776	0.4966753419750542	0.465691724935452	0.4389368457254047	0.7239960640168662	0.4479290044260832	0.4589556333211103	0.4664736251288013	0.39090883480865296	0.43672589773286896	0.3395015786521694	0.46956035997593554	0.5198330915985829	0.5386627828341645	0.0
