	CM006	CM009	CM021	CM025	CM039	CM040	CM068	CM078	CM086	CM089	CM095	CM107	CM110	CM113	CM117	CM118	CM126	CM130	CM145	CM153	CM154	CM155	CM165	CM166	CM168	CM171	CM176	CM179	CM181	CM182	CM183	CM184	CM185	CM196	CM198	CM199	CM213	CM215	CM217	CM219	CM222	CM229	CM230	CM244	CM246	CM253	CM254	CM255	CM257	CM259	CM260	CM261	CM262	CM263	CM265	CM266	CM268	CM271	CM293	CM316	CM324	CM360	CM362	CM372	CM383	CM387	CM404	CM406	CM411	CM434	CM436	CM437	CM438	CM439	CM441	CM443	CM444	CM448	CM449	CM452	CM455	CM461	CM469	CM471	CM476	CM482	CM486	CM489	CM501	CM515	CM518	CM520	CM524	CM535	CM538	CM539	CM540	CM547	CM554	CM557
CM006	0.0	0.3614102402022011	0.37735266920294347	0.4197153786064418	0.41765798799303405	0.450903562530763	0.4874442006220029	0.45172527548924013	0.47843055840007087	0.48123072438209064	0.5237415813433831	0.48440234706097474	0.5760051284416563	0.4587473852957973	0.48220611910562183	0.5823222260291734	0.5017885738375818	0.4639295705422169	0.5251013321049994	0.47828492408349	0.4902222061165207	0.4608943987692427	0.490596259292542	0.5326755847547354	0.46513071240254844	0.41967897182219704	0.4611211020856169	0.5245067482333758	0.4613299537891657	0.4543294156322283	0.4250368683862367	0.45780548243178454	0.49472481550985187	0.4893416066582266	0.4573674643472285	0.4755905889249173	0.4538036698612069	0.4440968123620441	0.5317076298333976	0.4631216437324694	0.4470169848987025	0.46231009148155666	0.4378102324362189	0.5350946570624504	0.4469752541992331	0.4839416239632559	0.44696976495004237	0.5306075393990857	0.4325309368884383	0.41892235084155094	0.46741438676149816	0.4711180033475105	0.4876177434286003	0.5198225960578345	0.5306918010988421	0.4799372159126142	0.49062036982183477	0.48498825160822095	0.46833100118767357	0.4316770737381655	0.5219577149368325	0.41061623995638147	0.6518360468854815	0.42223191801871124	0.511206699433896	0.4837294510875535	0.5161456695651759	0.47069681598848034	0.43335559258449785	0.426529177932286	0.42726427647678294	0.422458446166184	0.4454064345192941	0.435874622988323	0.4644176515483682	0.444066382854755	0.4339689528482957	0.4576804085123521	0.4916857710121601	0.45906913408121325	0.4591009680497617	0.43630741299002507	0.4379068977477684	0.4290493381027066	0.4128860790144364	0.45632894699462107	0.41661084891027517	0.4708436949579029	0.4557267810778902	0.462513001800209	0.4133100338198882	0.4735834883417449	0.3979606485265447	0.4765843213469808	0.5103017826544862	0.5202208525215598	0.5141199746042391	0.5058211272771893	0.43051879339496235	0.4911970061057407
CM009	0.3614102402022011	0.0	0.3411592745782994	0.3936894901758234	0.43872758369284187	0.5436640488912575	0.5002520245473183	0.4758252006059425	0.4133044819385756	0.4746330479897105	0.5280580337941347	0.45408305391452947	0.548493265032683	0.4628427500380706	0.5120128176013768	0.5315135825763162	0.4949314761796669	0.4479509866673419	0.5081531038271925	0.47532027656425324	0.4796221203187437	0.46235588562114177	0.45015379043885123	0.5142455023541286	0.4836313801695855	0.4214851257850861	0.38383986177419416	0.43207258493208717	0.4455065913755981	0.44989732500425045	0.422904978994344	0.3916963961165908	0.5284234586670699	0.48115973150541147	0.4121296142169952	0.40057545303155595	0.42565843304425555	0.46521828201874843	0.5759913635371973	0.45814373178760553	0.4154185980182898	0.4821623506023759	0.42141398889189635	0.5476817000635512	0.3656961880668579	0.4941295071420834	0.44934266733989137	0.5901384811226484	0.3892667023959571	0.38816786736835096	0.4089168498401818	0.4330518858283169	0.461742050511037	0.5412113756790553	0.5521011497200443	0.5070072173077593	0.5326892006020095	0.4672993724019428	0.4641762849192006	0.4378872812937443	0.5446988874149129	0.45570873559176855	0.6694009453479739	0.4159246081777479	0.4839779341693576	0.5000847189840415	0.5457806834041042	0.5035760642671937	0.43935580259683193	0.4366349251362277	0.4386497541471359	0.3878740437492697	0.38433321187613667	0.4320200517000656	0.4571346260466389	0.4077275119924231	0.3929239357504868	0.4519128475080925	0.4944042009311277	0.4123827231341044	0.49763784709129044	0.4657611436799202	0.425671783579561	0.4395976658079244	0.4219299033400859	0.4413224143267692	0.46693764882149547	0.47871426390029304	0.49700554743189185	0.4509806006809463	0.43843188012445	0.5274705828002856	0.43341794013787305	0.4835761860800261	0.4905755628591994	0.5570269795605743	0.5350101800253372	0.5458157550864317	0.43776898012936977	0.43532609190818533
CM021	0.37735266920294347	0.3411592745782994	0.0	0.3288788320178252	0.4553233958417726	0.5333552816219417	0.5213520095632805	0.48046029880310187	0.41943864012977566	0.4575066453095381	0.5392747822201235	0.45445265096413273	0.5458203273793059	0.4800804322475075	0.549413066234323	0.5362106856853777	0.4875340839222269	0.4362646606678232	0.5091913861819599	0.4632942966485736	0.4726686671762182	0.4561922167214438	0.4460279595052038	0.4959046686557147	0.4488643668073481	0.40287293159697246	0.3831384642392686	0.43654449683988805	0.4055386985194836	0.4269397506658644	0.3999735257161799	0.3625498624343874	0.4854606579551071	0.4790650187247438	0.43314243504293737	0.4135060875973356	0.42232817726076005	0.45688083946718905	0.5664629731670845	0.4456214562868738	0.4036314259575059	0.48340957900262677	0.4072006784014281	0.5403828330068102	0.3864955262964976	0.47800579670806553	0.4631494875644209	0.5759904013264947	0.3785812065523259	0.3912580899881741	0.37879649874212945	0.4151938556790611	0.44843968026179215	0.5377413261666404	0.56186814410191	0.502114646187877	0.5355321528910867	0.47354046234617986	0.4046609523803144	0.4428401177592013	0.5146081461252796	0.4330375060715843	0.6630800767317763	0.3976624981475266	0.46166832846202965	0.4753684960257917	0.5186650753118066	0.4996149516831555	0.4311976964378933	0.4665217687880945	0.451124506759076	0.43084363278576865	0.42656193135184217	0.47376763664249516	0.41088754062459	0.36487995222582476	0.36338312730775574	0.4410231857074585	0.5019217964310904	0.38642369135162385	0.4984729634486384	0.4564227826115995	0.4076019513761213	0.45612468166527226	0.4392633555101001	0.41665024061251915	0.44707826168923515	0.4341094972647937	0.5014056089132317	0.4171895686513322	0.44380796942170236	0.5313327220096407	0.4320839065322576	0.46280899587567326	0.4794859540614112	0.557485009426749	0.5448245684300066	0.5530802124131123	0.42951635644063757	0.43095199801530865
CM025	0.4197153786064418	0.3936894901758234	0.3288788320178252	0.0	0.4448034666022509	0.5270386864022579	0.5078281016035581	0.4727326136097827	0.3954264757118678	0.4748083004955461	0.5286188064703351	0.4505163299582971	0.5246445061323568	0.4805504532464325	0.5204055300693243	0.5137128740543491	0.4708890406475067	0.4583512650521276	0.5205795390731762	0.4783682085437771	0.49102097886670887	0.4592786793160927	0.4517563304104244	0.5277670431214545	0.4764571330608167	0.42281514076763344	0.4092970248757583	0.42354082959562817	0.4026573764148815	0.43574340719592874	0.4025768658238107	0.36414486240577765	0.5081692547326019	0.4834677855296397	0.43999927641969	0.4429756630820361	0.44482861978541716	0.4527439836745318	0.5789485488809349	0.4436055199011772	0.4242397570702522	0.4894042868831844	0.4310195965341337	0.5401034433070655	0.4145146263494014	0.5019466845959768	0.4690728161144096	0.577278499057251	0.3930995862806095	0.3740084127169294	0.37350869350577753	0.46380060557222225	0.43889536016912806	0.5337644754757608	0.5635849826476911	0.4994630309171639	0.545626290255968	0.4741075648997764	0.40489684638399714	0.46311978477818744	0.5608868964128538	0.4452171451197499	0.6598089009208492	0.41449935998521964	0.46657593645162543	0.5090037459738619	0.543797709539081	0.49973570308596194	0.4384760605349239	0.4735718641174713	0.45906185105344766	0.40014736327491485	0.44006171786361753	0.47516673652480423	0.4153884605161528	0.36326258168646275	0.39500241773729666	0.44427587068327834	0.4839777343563471	0.39601841004393556	0.49157441401454793	0.4507191622706832	0.3999331070844335	0.42916867803748654	0.4382197835392364	0.3715019822010921	0.4214019331119972	0.42436036214285977	0.4799928131294537	0.4285591606270494	0.438958852428163	0.5224012278716943	0.4059025968565413	0.46303471002388963	0.49127243859065134	0.5558966742885396	0.5362832681830281	0.5571491068367898	0.4196405892297798	0.430074897815678
CM039	0.41765798799303405	0.43872758369284187	0.4553233958417726	0.4448034666022509	0.0	0.4310408075309487	0.4681115805109478	0.3832404502886207	0.48587535032294815	0.4865133561321181	0.5662665672418828	0.48924762343792333	0.5008626090024235	0.46945106840782835	0.525368218860983	0.5090096986394163	0.4835401493095931	0.47491926937483114	0.44682448734711694	0.36746163058470244	0.45276369320457577	0.46174733866242557	0.49880924765577844	0.47562888023993505	0.5049020847374801	0.47888162378628657	0.4801625206281271	0.47227254627791576	0.486041162418964	0.49003350307744425	0.4296825568916321	0.47194463065506703	0.5247040021383155	0.5145443947574232	0.4742294414506122	0.48829189521175903	0.44653695632359597	0.46540439347901197	0.5582744915163665	0.46049586803427	0.4540405773537101	0.48512787652500144	0.4334103858187907	0.5534284152411626	0.4432023322955368	0.5204129819329831	0.475775424372839	0.5854139425980397	0.42482337575345247	0.448937794459969	0.46335489007893954	0.48252151402160504	0.491643272971499	0.5446704793902675	0.5938551744477957	0.5487592797986689	0.566946793319286	0.5318336006275269	0.4959817026587985	0.4553439224763604	0.550931032921559	0.4695987886695867	0.6749082262258373	0.4934353116925023	0.411166852076649	0.43008443297415044	0.523089358882407	0.4851481209476813	0.42191831857662393	0.5062839081373273	0.36347047422991324	0.43828206305864686	0.38638699950920663	0.4900063532407232	0.4217738432994553	0.4664780981818775	0.41395876927764486	0.48371738276408255	0.44488137733595495	0.3890348390055301	0.4592780166564493	0.49499771713929935	0.4639269154740643	0.4334120967920331	0.4484982724718292	0.4923099013266945	0.483870324597451	0.4457474518627046	0.49111993446747776	0.4740530978203194	0.44774805360284525	0.5250225139077805	0.434596582573991	0.4969442323916984	0.4770079293834472	0.4997196325381596	0.5220418078613717	0.5543513106216952	0.4698780925692131	0.43501841893199844
CM040	0.450903562530763	0.5436640488912575	0.5333552816219417	0.5270386864022579	0.4310408075309487	0.0	0.4129399679018499	0.5043814552045535	0.5927644243230809	0.48796375296761224	0.5116596071380185	0.5522016345293663	0.649352700697026	0.47215618504073675	0.4570704845334693	0.6285337449743015	0.553018381136484	0.5354609896089758	0.5642923745045201	0.5290330896388008	0.5427015051184476	0.510319461729479	0.5591689237264112	0.6086983797318763	0.4901091693755979	0.49530373159237656	0.5708282983546927	0.6447196476367111	0.5289978285169058	0.5225698374514197	0.47357882704116083	0.5611920348458669	0.5302799064654533	0.5051753284286172	0.5625680313067783	0.5901393268122046	0.5142448913943286	0.47451432802322696	0.4595684582532291	0.48140591671806016	0.5020135223817457	0.46435997341945456	0.48141325929538714	0.4619293178678024	0.5450920138521118	0.4456160867768621	0.47806286683302307	0.457611120093294	0.517700469754203	0.532283179547899	0.5679651825202473	0.5107241582256522	0.5412362509344217	0.4456979370761589	0.4982264138565587	0.4770339932627752	0.4981397309017558	0.5064898777370987	0.5343443213388063	0.4598245238244888	0.44808278371451327	0.43415307375177464	0.5600306039883883	0.4940910619874675	0.543087002851637	0.49873906757766745	0.4609043591026688	0.4484095947923653	0.4591458728908252	0.5391360616388606	0.5034486707223171	0.5064635403506026	0.5183613746538064	0.47773063865705573	0.562222580962593	0.5242123892770783	0.5102907611006577	0.44487937963542534	0.5352805528414077	0.5626985142831096	0.43294275952519634	0.4606457452780277	0.4828522057968013	0.4561496764730272	0.44822468215924943	0.5408772212566636	0.510379334848977	0.5306635989760746	0.47184773205123925	0.5386231667302033	0.43829856338448825	0.4323621253822151	0.49867644686071927	0.48553335334447767	0.4728028001976101	0.45345778587616464	0.4500403878502964	0.44321667318175756	0.51702533248659	0.6036548179868052
CM068	0.4874442006220029	0.5002520245473183	0.5213520095632805	0.5078281016035581	0.4681115805109478	0.4129399679018499	0.0	0.39978939813505177	0.5039699193981557	0.3581765662175695	0.387176237694601	0.4727917289099264	0.6060716351727439	0.3812175655645569	0.3108920666842123	0.5660468163584709	0.4790219382864635	0.43125834105502303	0.5108172209948388	0.4600952342199678	0.4484531776189532	0.4111895588423007	0.48553283484925663	0.5774132937711172	0.4027838177858189	0.41627589030960344	0.48985416533337867	0.5697705391712489	0.4291769963128704	0.4791937300375666	0.4459320253970422	0.4397100642124609	0.4763411964543986	0.4075186779598355	0.4753997713755688	0.5174847957904228	0.4118836335390357	0.3929065375516027	0.34511426956520397	0.3461008083038283	0.3847462897309513	0.3328932485576783	0.37417253594936967	0.3221615753356317	0.444270962491529	0.33032745483421505	0.31633199933572775	0.3984753031271291	0.42568544457115887	0.4423907367057342	0.4637190254402295	0.4441911664322686	0.4736951199241917	0.3783666408830867	0.41597704162050775	0.37730611591295604	0.3963042403538997	0.3887572099602648	0.49201325078969216	0.3986425506104783	0.39312610650849766	0.3894347533560959	0.5431271308637644	0.40161778803734466	0.5167995187488001	0.44954474888565976	0.4363412035984363	0.3547093655963372	0.3798509393673908	0.4557702289586676	0.4389770447135302	0.39839590730832697	0.421506370939209	0.36508536542659836	0.5084934304226781	0.45491480520276567	0.4372893826243079	0.37462696756263936	0.4373666814396946	0.4931316934133274	0.37509913204988277	0.4122451836584381	0.4090697846844746	0.3531819323717073	0.35399201583711615	0.47767923054158506	0.4876102238457794	0.4876131284916692	0.40966262699828376	0.48399932838638043	0.37737749250802455	0.35813107809729894	0.3872522491434771	0.38304519630024825	0.3656167084201848	0.3945671186342484	0.3604187807360008	0.3841875641884911	0.4921924101484641	0.579200331866826
CM078	0.45172527548924013	0.4758252006059425	0.48046029880310187	0.4727326136097827	0.3832404502886207	0.5043814552045535	0.39978939813505177	0.0	0.45590487779223565	0.42850464860745835	0.49996277765385394	0.42387184086681623	0.5036823620458539	0.39838172531175997	0.41205197341002525	0.47149929554065084	0.406218953684119	0.39958728398425364	0.4254689504340032	0.3399737349835241	0.39874984732261537	0.3809347344790663	0.4637810355826525	0.5023678128072602	0.43411703612029834	0.39368747788006625	0.4618559029365645	0.49520523552596996	0.4636802071016919	0.46154141519005426	0.4351583266019904	0.4381914064230241	0.48994321164003296	0.4773792567287952	0.47232909046693844	0.48823986252719503	0.3806541466464804	0.3614034337886341	0.48308040740687547	0.40249926897776517	0.4080957476567413	0.44042494566377133	0.4217957961721905	0.4853788645429186	0.4206974003327988	0.4727659039317849	0.4351339615386244	0.5233351726916083	0.3891157452595494	0.41420724171129564	0.4552105244716789	0.4640754288093954	0.4899018814596016	0.5085394949627978	0.541875951033711	0.5095495541547451	0.5174342843059028	0.4991260820685044	0.5359127656541006	0.4277992147258468	0.5256337859787572	0.4220787851325232	0.6146449293820251	0.47289180829629923	0.45601132906235525	0.43924229693059275	0.44104821800351307	0.40437817503921	0.3825156738488702	0.4547479398916603	0.3262446057008972	0.41727758877798116	0.3610957803561769	0.41521965181468296	0.43979010671398927	0.43756803746275125	0.4301262797537863	0.4312305332157476	0.4038020529496898	0.41040425365954675	0.45459643995157667	0.41527087090055503	0.4674593446862747	0.4097521308033108	0.42228274338125593	0.46438741999331773	0.5057826523527805	0.41594409364596946	0.48113769693721126	0.4589293348540248	0.4169114084560739	0.4701648095113336	0.39816041871972135	0.4579849790836909	0.4789592159531594	0.5180480743453448	0.499240697704091	0.5046402951737172	0.48183763956025544	0.4965495257241073
CM086	0.47843055840007087	0.4133044819385756	0.41943864012977566	0.3954264757118678	0.48587535032294815	0.5927644243230809	0.5039699193981557	0.45590487779223565	0.0	0.4286820745451155	0.5582558523500744	0.345131737623973	0.40975517641699594	0.4851734255273744	0.542057639871634	0.42251212775121094	0.37725506876044246	0.4000942455848454	0.5086578849927295	0.46459783871972854	0.4466862742064101	0.43601821877606634	0.3410701978182393	0.42277685490061834	0.464174777786527	0.4178285531932647	0.33633929530608275	0.39019792750033916	0.3852538148697802	0.4410751771549486	0.4187681380235512	0.3396028149875897	0.5420266333436148	0.5141277768311339	0.4257978112839586	0.396251549153073	0.4153171507043426	0.4914158824034902	0.6237540608694229	0.47281297891550617	0.44808345743667466	0.5255818923601695	0.43379513128090674	0.5600746214153494	0.38659289424937693	0.5111342279138532	0.48913919128895256	0.6359531514880181	0.38820133810351526	0.3687046427199834	0.33503648027042143	0.4564807496197824	0.43648227836659764	0.5623225721821938	0.5879952908773168	0.5380248794019447	0.5768429938656217	0.48463295371215537	0.44550283204300606	0.48923486956830387	0.5828676820345253	0.49334506293633623	0.6962736401111898	0.41237985000200655	0.44071806769927835	0.5332503333691504	0.5822541239896939	0.5388435571669116	0.4739826834443403	0.4713363255426273	0.4903863639337175	0.4481074675489657	0.4432818141396074	0.5021425706395758	0.4744198901163512	0.41230961517868514	0.3831573371792141	0.4718944412136023	0.5275491564224705	0.4096124642550036	0.5594537826667512	0.49885112829129225	0.45048176400805273	0.48551683092869774	0.4936922545103878	0.4311708047051227	0.5001997822605889	0.5161392953117631	0.5607652476095775	0.43555152755551935	0.4955881843926866	0.5666991709652097	0.4534079769350138	0.5271337235291608	0.5235887197370125	0.6018803441764379	0.5806975516533373	0.6064150451248354	0.45812536985853963	0.4076481957146103
CM089	0.48123072438209064	0.4746330479897105	0.4575066453095381	0.4748083004955461	0.4865133561321181	0.48796375296761224	0.3581765662175695	0.42850464860745835	0.4286820745451155	0.0	0.4137236312417144	0.39635885673187365	0.5574090039092965	0.4043789126141975	0.3759186801459906	0.5094069546493893	0.42650294254843624	0.37905904166593585	0.5199199744410243	0.4686568760192583	0.4663318503149305	0.4269406836805392	0.42787283200866805	0.511745853668848	0.37288125298429453	0.37220823279780857	0.40572167939132836	0.5025416838969357	0.4374628272293446	0.4689609959936734	0.4317393815912006	0.4434624559573064	0.4931607134673209	0.4748846349882913	0.4624203961321752	0.4619314717090597	0.46090744017436774	0.43929643457570483	0.4609389091218366	0.41393629849029057	0.4034506263750864	0.40036381743439237	0.40410665286672326	0.4100145587730133	0.4495377043679252	0.3777188252863785	0.4096089730243712	0.49015461454602954	0.4162151971123907	0.42881122845250885	0.4612145471055358	0.38643692465557195	0.4536306643097391	0.44124211630886956	0.4850891218647093	0.4240461713424754	0.46276566017460496	0.38812546009636933	0.4300771631660771	0.40505799757258365	0.4415226907100707	0.4287962666269509	0.593173061174955	0.4055479590686377	0.4415106827356256	0.45292000226336343	0.5115511374492325	0.4249656337990944	0.4368143489656666	0.47498455825268443	0.47721525853621	0.45214313683041457	0.45548385803156766	0.4766875759528908	0.4979001896110441	0.43282682346325213	0.4367790079627219	0.3990223062188917	0.5004323213211357	0.47442504719329104	0.44277752698080325	0.43335838700837526	0.39403510445953094	0.39701522421940744	0.3979206805838392	0.4332968544922004	0.4759948682195791	0.4997741975574388	0.48635708798073923	0.4395956628136611	0.3884714957277829	0.4160235193563916	0.40634995127034995	0.4107834359355446	0.4124064722150736	0.45491891353752695	0.4667121923236186	0.4542361363754801	0.4746801309583134	0.5225299843441908
CM095	0.5237415813433831	0.5280580337941347	0.5392747822201235	0.5286188064703351	0.5662665672418828	0.5116596071380185	0.387176237694601	0.49996277765385394	0.5582558523500744	0.4137236312417144	0.0	0.5392634013648663	0.6619665401561814	0.4603494879104557	0.3959837259988853	0.6192318353195877	0.5633286072934457	0.5050785808856808	0.5673540864349124	0.5332505467366776	0.5405516564762997	0.5064135404132658	0.5442309368619334	0.6134454103925256	0.41267706798571435	0.4923950466341982	0.5020781258700865	0.5890224297692128	0.5068563622582398	0.49506542005223114	0.47997234566461466	0.504497721352477	0.44144366908029997	0.40005048426960177	0.48279105078993334	0.5266480523284983	0.5241918399248477	0.4899519302244354	0.37567950526275085	0.3924452847320553	0.44449906264898587	0.4242656972852094	0.4278999537725737	0.35370722026873475	0.5157568373887086	0.3931718680138971	0.37746161103778236	0.39693518765170455	0.4823447238937605	0.48775923272968946	0.5160175241215971	0.43018209834578797	0.4688018382667751	0.3919761964234906	0.3966538761489854	0.3649670218264102	0.34920539415078594	0.37316149371320195	0.4823214502890757	0.47353947180497497	0.4085863117737821	0.4115226203082672	0.48341331429868195	0.44276805772203076	0.559794086124263	0.46949774998328814	0.49982892948614477	0.42912238831210975	0.4962045605795484	0.47405939342479714	0.5012313871686169	0.44900334459131075	0.5154404067427266	0.4690440952378593	0.5464845624448512	0.5056292562377334	0.4630503844802341	0.4563531207285009	0.5076140355495473	0.5445117449560933	0.4606107978334952	0.42752311641933083	0.4564379784111409	0.4367187221894465	0.4084749850835392	0.4788805188048715	0.5035557438378154	0.4898941554043371	0.4262546247674477	0.5415936824429134	0.4505017024001718	0.424454063199104	0.47777970948178394	0.4181615732240158	0.4394222066866026	0.4522801911276087	0.4315911897514964	0.3831434294943326	0.5341233632507527	0.6179541260865629
CM107	0.48440234706097474	0.45408305391452947	0.45445265096413273	0.4505163299582971	0.48924762343792333	0.5522016345293663	0.4727917289099264	0.42387184086681623	0.345131737623973	0.39635885673187365	0.5392634013648663	0.0	0.4718074189894318	0.4226390945777818	0.47847017965079247	0.43575835560518184	0.33066403602044375	0.36188021937499926	0.4714485420647287	0.4392177611906606	0.4085255829359898	0.4085836799222494	0.3672897352780014	0.4359662536288186	0.446454998028398	0.4103043363860487	0.4014601730130451	0.47248506232000415	0.4156771383577178	0.4516508412044466	0.42110909769516885	0.3826172744992787	0.5452871538687711	0.5203400363088637	0.47960311527315336	0.45228340827704666	0.4331746194821435	0.43243375339512247	0.585859193450269	0.4381343047961049	0.4519524391838225	0.5097454449637437	0.4407628105605062	0.5316099910049203	0.41126455352491875	0.536252107816634	0.49084120428153744	0.6043621850272582	0.40605322868538835	0.4118471740915005	0.411995123724275	0.4663143459683493	0.5085596842278363	0.5568068858614975	0.5874280370494864	0.5573571575650325	0.5803959987730626	0.5083721071234245	0.5072075965775643	0.4486833356273995	0.5882241012928106	0.48687407633782676	0.6841635003782688	0.4604198659252014	0.4789649659125075	0.530271668688764	0.5327675273320288	0.4801727625841426	0.4258284896540558	0.48083196431585534	0.47418329667611087	0.44577586806946434	0.448789997606313	0.46494494473159026	0.49498145306386665	0.4232219260584401	0.43466069325129286	0.469959044544154	0.5154700919128077	0.45883942913639303	0.5041029514889032	0.4813089125661413	0.4729739784332679	0.4737164653368322	0.45824453090933037	0.43025428408075966	0.48350315319672665	0.5007713219545908	0.5142249142390979	0.4553829016043172	0.47871440179418245	0.534056222048155	0.4479328840028524	0.5189476021723023	0.5130017890487577	0.5675260801631281	0.5516721319051263	0.5663393511472631	0.4754345060813856	0.4823432787648705
CM110	0.5760051284416563	0.548493265032683	0.5458203273793059	0.5246445061323568	0.5008626090024235	0.649352700697026	0.6060716351727439	0.5036823620458539	0.40975517641699594	0.5574090039092965	0.6619665401561814	0.4718074189894318	0.0	0.5530820266182138	0.620443290946061	0.3745042750744188	0.4733525181249249	0.47681777569555234	0.49704856007756915	0.47196063001548166	0.4959688151190546	0.5477910872042746	0.4900827709798509	0.45001027438230323	0.5804774349409286	0.537208695102903	0.5039388959224079	0.4506293299949232	0.4766032046287823	0.48383020822831674	0.4914295681545865	0.4486437758529126	0.5579900688883372	0.6139915494589565	0.5500292014146312	0.5246085661469189	0.5006543764027813	0.5638604590923005	0.682911599211201	0.5813947592427152	0.5508877078922382	0.6246513083695375	0.5688352390357291	0.6598945509754012	0.5005787713349193	0.6280070670734107	0.5774944655428257	0.6966462554329105	0.5214837972905013	0.5187941555523043	0.455734658528684	0.5661793043487668	0.5485647126300586	0.6611022390670308	0.6805971712065779	0.6368696830018675	0.6800040725191552	0.6143948885466841	0.539220265289275	0.5663250381665048	0.665424780548012	0.6076732026564892	0.7519555602611028	0.5642627210783853	0.4724301341416982	0.5439562596005698	0.6415051801614741	0.6128044473054153	0.5444084320471855	0.5970112309800415	0.5144478988660426	0.5390107172392352	0.48906962174129825	0.5995180083513842	0.44558831761292	0.5057540479941603	0.5095107753699392	0.5935261876289788	0.5425569808173617	0.4538264517429343	0.6331645213069859	0.6055375356730199	0.5670969616444967	0.5847214853053984	0.5948026576557371	0.5301714507588893	0.5541242098451434	0.5434729918091107	0.6326824361205263	0.4729614261144203	0.5865515320781861	0.6538429998852741	0.5303005653677465	0.5942547914270966	0.6157633196133594	0.6694412902212298	0.6665841729091965	0.6858795637400185	0.5195967002014823	0.4452217382456739
CM113	0.4587473852957973	0.4628427500380706	0.4800804322475075	0.4805504532464325	0.46945106840782835	0.47215618504073675	0.3812175655645569	0.39838172531175997	0.4851734255273744	0.4043789126141975	0.4603494879104557	0.4226390945777818	0.5530820266182138	0.0	0.34049036495566165	0.5411629070695261	0.4144156134283051	0.37893821874626704	0.45766471187213253	0.4431079928593167	0.4171119634436144	0.39664860384775014	0.4478174495035492	0.5372999788382499	0.41676997313463615	0.3929232419699442	0.46730929609580996	0.5606683568094125	0.4193382739962359	0.4636101631480492	0.4123289097163404	0.4317852254759695	0.43454801224526607	0.4610560410170983	0.45523632915937884	0.5084856203925819	0.435564458369421	0.3926548000157458	0.4659609839773465	0.37862236723746934	0.41831384456656107	0.470352856913496	0.41794397664226485	0.46668905439144787	0.44783732441757246	0.4372764024147667	0.4198823365295709	0.4649121204758758	0.3848807708270535	0.42128547081113665	0.4537788140906419	0.4265434656629609	0.4529187737116149	0.4561382705066244	0.49905731145236154	0.44476915488812757	0.4648066701487592	0.4830993033172646	0.536871613433337	0.41548286301316856	0.4459744742354548	0.3948944804062911	0.5738179472683205	0.4515947908885437	0.4912769283095681	0.4534790074001021	0.4308098039738992	0.3931884291172896	0.4092787274847152	0.47125878520755426	0.4325591431532242	0.42748033880809766	0.43437300647273525	0.38875509582581474	0.4977985465964973	0.44630271247332476	0.43812853197665313	0.43472390970640196	0.448054723079579	0.4872007137879073	0.42275102173681756	0.4077880120474453	0.4633096942848303	0.4128713507388005	0.35453334621503324	0.43124187496126964	0.47048845880659906	0.491094314342067	0.4070402761409482	0.43650771073935646	0.34337034839072267	0.41128164061157735	0.36247134366393385	0.4485520828662198	0.476360559110689	0.4774876092379238	0.4625474253840165	0.4468765880647488	0.4820370961129116	0.5537414409823734
CM117	0.48220611910562183	0.5120128176013768	0.549413066234323	0.5204055300693243	0.525368218860983	0.4570704845334693	0.3108920666842123	0.41205197341002525	0.542057639871634	0.3759186801459906	0.3959837259988853	0.47847017965079247	0.620443290946061	0.34049036495566165	0.0	0.5807602786871936	0.478611985537572	0.4166958492319449	0.5167055989929046	0.51268424581751	0.48412512211275066	0.4518869961210532	0.5212593980357426	0.6048341214706763	0.3915486784479751	0.4140402445110698	0.5261962009801466	0.6059382307225767	0.4742115262846937	0.4842403385090334	0.4614560799029246	0.48627646703687216	0.4612932491858052	0.45661636108062814	0.4793098076853911	0.5325884819897067	0.48121511325150257	0.38667042711639754	0.35920202671723217	0.405645815412114	0.4132851797338989	0.3939095324962083	0.455567109264397	0.381133258941495	0.49563175975732615	0.3473315284591158	0.3267021440193132	0.33881423676668004	0.44355658760964234	0.4628726171412279	0.5049096849084861	0.4404712206819172	0.49753870931957117	0.3546318592151338	0.40315840224426397	0.37294347467337363	0.3604750874009195	0.40986363199470577	0.5283327109207745	0.42950804613296906	0.3739898869795398	0.4461835701405119	0.5435568621676125	0.4631606353118343	0.5380130328627019	0.47752435927892944	0.45667545904386125	0.4024240303388872	0.42580923245175945	0.45640421611838666	0.47257357196282745	0.4459797313735071	0.462856776650329	0.3925514520740781	0.5394477873018062	0.47627720303357973	0.4824313032630011	0.392971994599887	0.4458365529052977	0.528523902562936	0.3967999430332512	0.41495988522356336	0.44926620483615226	0.41069884181507565	0.3641719645045376	0.4737706222086584	0.4679116416195869	0.4864812313412387	0.3941238302013128	0.4634832583638947	0.33378373173839937	0.30045659439787614	0.39980895522207177	0.4320557868642994	0.42450033276321236	0.40177721259135407	0.3921198219591653	0.39166630636540883	0.5106903461510208	0.6128685577546951
CM118	0.5823222260291734	0.5315135825763162	0.5362106856853777	0.5137128740543491	0.5090096986394163	0.6285337449743015	0.5660468163584709	0.47149929554065084	0.42251212775121094	0.5094069546493893	0.6192318353195877	0.43575835560518184	0.3745042750744188	0.5411629070695261	0.5807602786871936	0.0	0.427317850574984	0.4543564017582479	0.4920128898505466	0.44658510199965284	0.48407736886101477	0.5170672291412406	0.46996571197072934	0.44519779658680786	0.5504145149698181	0.5406653068288978	0.47222815666247725	0.4476530284810291	0.4564196901836463	0.4984322676993444	0.4924544646611368	0.4329301886667301	0.5937658322051329	0.5885449896093343	0.5437146832539455	0.5191046177208537	0.5031659312122199	0.5486370517323783	0.6552098326212689	0.5509492228428455	0.5346520199323704	0.578054523358248	0.5458576618393914	0.6253511330382769	0.4939714020379058	0.6114748441648118	0.554574545245551	0.6729871141526416	0.5054291336245054	0.5190723404569866	0.46126445692508383	0.5375042922577014	0.5437653600963553	0.6223106492735706	0.6579100524936523	0.6208106115423353	0.6436452486835885	0.5689286252335155	0.5391622241500399	0.5497104565107114	0.6380448449570408	0.6071911212350524	0.7214510587842524	0.5524182162113925	0.5026228632248945	0.5456615842337282	0.6376892063364645	0.5944415551004248	0.5164777739452795	0.5941120390670964	0.509794483813261	0.5196661631651733	0.47086398464708024	0.5824188128801692	0.49814446691206615	0.4716181741346306	0.4940607213115334	0.5677504092113596	0.5171586244190021	0.44712148481550346	0.5957651562231404	0.5866061647543106	0.526990393575734	0.5679840655977377	0.5778940724059005	0.5002432351053859	0.5644941388746926	0.50538593620615	0.5944432332455529	0.4764504025543203	0.577627725633874	0.616995424831936	0.5435745824671504	0.5376149533068058	0.5745544960445285	0.628857446575256	0.633835617426352	0.6482391062286937	0.5367508313862649	0.49950714434776383
CM126	0.5017885738375818	0.4949314761796669	0.4875340839222269	0.4708890406475067	0.4835401493095931	0.553018381136484	0.4790219382864635	0.406218953684119	0.37725506876044246	0.42650294254843624	0.5633286072934457	0.33066403602044375	0.4733525181249249	0.4144156134283051	0.478611985537572	0.427317850574984	0.0	0.3613297134462712	0.47491231015973445	0.4640941387323296	0.4345576453605166	0.4257672073142969	0.38604900801073083	0.44768413537397345	0.45305669726892284	0.41841058418985505	0.43732448081359404	0.5083053910685827	0.37277769082520773	0.44990730327213924	0.4343290115275701	0.3860630131683817	0.5047588868296904	0.5197572138888094	0.4787302187307363	0.46720746452462797	0.4235132026791467	0.45181512878765345	0.5894681673771719	0.440821675682855	0.46923808135792394	0.5194000990849407	0.4821329121664874	0.5511772928314803	0.43211957736537054	0.5180877482643242	0.48313065725451987	0.5887330438039817	0.4045374935780126	0.4209973804573353	0.41360660269522237	0.47175691958917265	0.46028628060276444	0.5403960817416337	0.5881748986925837	0.5533875497352533	0.5679075846016902	0.508216221864138	0.5300744652517653	0.46548247369463785	0.5644736008700065	0.5091073491347803	0.6664250250504234	0.49125013463286915	0.4778043047152645	0.5277027313247102	0.5210573632515707	0.4942761445009222	0.43084546950411046	0.5042528565191304	0.4655694129959296	0.4363064349756198	0.46990841866565	0.4734331977425793	0.4911153310410276	0.43310517050053626	0.42837190953330406	0.46306495317581176	0.4974041411587659	0.45088674010226654	0.5161613567238185	0.4933882539308054	0.4796340508528251	0.5059851362285898	0.4623754484450225	0.46049922826117917	0.48741830354454657	0.5138593786156822	0.5158694288859929	0.44126532792945894	0.46937819771794426	0.5243029514848523	0.43862638916107416	0.515067165846991	0.5317387891352662	0.5892051597852088	0.5673757196435293	0.5764319874065997	0.4819447312090897	0.4989104122834187
CM130	0.4639295705422169	0.4479509866673419	0.4362646606678232	0.4583512650521276	0.47491926937483114	0.5354609896089758	0.43125834105502303	0.39958728398425364	0.4000942455848454	0.37905904166593585	0.5050785808856808	0.36188021937499926	0.47681777569555234	0.37893821874626704	0.4166958492319449	0.4543564017582479	0.3613297134462712	0.0	0.4769790261996181	0.43727570119945236	0.41164840335226904	0.4377683616098904	0.3961457379857699	0.48387924147240063	0.4377033419096374	0.39331741169133394	0.4082115096936538	0.48515578257583913	0.40849225377875165	0.4437684165099164	0.4225439209469008	0.37102384803578453	0.474583908359128	0.4821319941349315	0.44617215274184974	0.4562720010297269	0.39393641310638383	0.4088545782386218	0.5073766843489391	0.4274582265725059	0.41955031051223757	0.45464831718730075	0.4269041597445211	0.5051235331331384	0.40278778580627733	0.4659160053216564	0.4469868717893486	0.5308567052076804	0.38252199654056335	0.3874705165419447	0.4062771802250339	0.4470027602576418	0.44820935277807566	0.4869602120676169	0.5356338569048926	0.5061849390290605	0.5295845471390189	0.4557028934981623	0.496616066085176	0.40671938464243246	0.4929847091416929	0.45398081351075814	0.6303802846995867	0.46868901833868765	0.4473293916676062	0.46666909090056313	0.48625354486959094	0.4278766877072741	0.39425953819100623	0.4641241890089392	0.4321401764452078	0.4029394308453259	0.42331287013591157	0.44594971705955927	0.46498079043471385	0.3866001197988634	0.38811008311843315	0.43343277473245695	0.46724977986654764	0.4181765064339334	0.43882112241815424	0.4529301966768277	0.41763177438848215	0.4111559451140979	0.42901045042667546	0.41058872881338015	0.43976351475724046	0.45206269241087665	0.4801772575217036	0.41383323737583216	0.414979718722482	0.506728092637321	0.37991836842034726	0.478795253696248	0.46789222599349767	0.5186402148943549	0.5352496014178139	0.5309021748995402	0.49483299169881434	0.5190280708046398
CM145	0.5251013321049994	0.5081531038271925	0.5091913861819599	0.5205795390731762	0.44682448734711694	0.5642923745045201	0.5108172209948388	0.4254689504340032	0.5086578849927295	0.5199199744410243	0.5673540864349124	0.4714485420647287	0.49704856007756915	0.45766471187213253	0.5167055989929046	0.4920128898505466	0.47491231015973445	0.4769790261996181	0.0	0.3516082204841618	0.42556965584295176	0.3811478074022963	0.41521728074851966	0.4552211878681913	0.5095915352361664	0.4471346021569732	0.4590339904527217	0.44592384499077964	0.4475027306979721	0.49245620889103525	0.4650458631768175	0.4570950910697566	0.5532982745864095	0.5497353415393582	0.5045333872189472	0.5112871491068747	0.4165055312257996	0.42572530388333885	0.5782093223894568	0.4600417964267219	0.46262866475882675	0.5366534969072949	0.4952770664773487	0.5555327195484312	0.4259206721505879	0.55696399190784	0.4979746784553791	0.6032617466362679	0.4395614879506779	0.4629377875033742	0.46718017916998406	0.49074598222243476	0.5184678861070156	0.5620490862159124	0.5948821996083908	0.5640302910286619	0.5744104502555399	0.5456092709434218	0.527971319096046	0.45829784115947236	0.573435797056531	0.5069488974334511	0.6787212317237921	0.5229869783542934	0.44544330911240326	0.4520138333756923	0.5399656201751565	0.5017512100076451	0.4299075910964627	0.49380160106025833	0.39007152047806926	0.4468794106271606	0.3737000494860846	0.475692623321746	0.4265855132822477	0.4680814050306179	0.4527243264461912	0.5036421045377903	0.4360187230973649	0.39586713730518347	0.48507427583569335	0.5096490185931375	0.5194890005204996	0.499598106082179	0.4694951405421041	0.5078188204326033	0.5418893602331517	0.441293543712511	0.5262051348535574	0.4533065009669064	0.49331070229449586	0.5625494679083053	0.46785340133764813	0.5271071374369733	0.5032287519798995	0.5673275052527496	0.5442691633289214	0.5589065605656137	0.512365361841832	0.4544804778010911
CM153	0.47828492408349	0.47532027656425324	0.4632942966485736	0.4783682085437771	0.36746163058470244	0.5290330896388008	0.4600952342199678	0.3399737349835241	0.46459783871972854	0.4686568760192583	0.5332505467366776	0.4392177611906606	0.47196063001548166	0.4431079928593167	0.51268424581751	0.44658510199965284	0.4640941387323296	0.43727570119945236	0.3516082204841618	0.0	0.3521874778658227	0.36570150193835427	0.42659608442819624	0.4236115360738528	0.4696688053714408	0.4505440158428117	0.3849395512222703	0.40627157200019015	0.38932093105566695	0.437881355927035	0.39962731869252616	0.3747034811909647	0.48640250262236884	0.5080000893130844	0.45373564469575367	0.4537258388725658	0.3500862768248263	0.37308115804501635	0.5249797322368865	0.4329586965127905	0.39235010852751745	0.4575586307362736	0.4263910225548468	0.4943107882667374	0.36162531725538904	0.5058455552953617	0.46503596871454467	0.5830587715496321	0.40918599961072594	0.40785270289113396	0.40832195131488164	0.4283390215891172	0.4741795913446976	0.5383154326976731	0.5470067419649626	0.5155380591586488	0.5634108662030496	0.4926806642629763	0.4963491184428191	0.446221423588344	0.5475579054703223	0.4537420184518172	0.6597458744627188	0.4780201066967037	0.42626905606124704	0.4330908025952383	0.5047222210671072	0.4409466205713068	0.38208037262792505	0.48449394549725683	0.36046761164282975	0.4183868965595928	0.34495812672410725	0.45909756652061184	0.42399621681892863	0.41959883066228915	0.39102014915197736	0.4839686906736509	0.3888740850112175	0.36110269482264384	0.4499186840341612	0.48114185711214524	0.4810134864255434	0.414911790095597	0.4616305707361817	0.46304211778486787	0.5320738591997143	0.41815122014338296	0.49288345837971326	0.44079318616774044	0.48207011196680916	0.5270699444532583	0.4268856967389065	0.45907884612884614	0.446749411390082	0.5173602811795962	0.5241545016398402	0.537907747079285	0.4678105699187593	0.451528316436553
