	CM006	CM009	CM021	CM025	CM039	CM040	CM068	CM078	CM086	CM089	CM095	CM107	CM110	CM113	CM117	CM118	CM126	CM130	CM145	CM153	CM154	CM155	CM165	CM166	CM168	CM171	CM176	CM179	CM181	CM182	CM183	CM184	CM185	CM196	CM198	CM199	CM213	CM215	CM217	CM219	CM222	CM229	CM230	CM244	CM246	CM253	CM254	CM255	CM257	CM259	CM260	CM261	CM262	CM263	CM265	CM266	CM268	CM271	CM293	CM316	CM324	CM360	CM362	CM372	CM383	CM387	CM404	CM406	CM411	CM434	CM436	CM437	CM438	CM439	CM441	CM443	CM444	CM448	CM449	CM452	CM455	CM461	CM469	CM471	CM476	CM482	CM486	CM489	CM501	CM515	CM518	CM520	CM524	CM535	CM538	CM539	CM540	CM547	CM554	CM557
CM006	0.0	0.07890095233716353	0.0530327881883257	0.07211360153013865	0.09676840181657712	0.07628145846821323	0.09872863982415452	0.11921088606968837	0.09199416829780366	0.08231027786401851	0.09748481585096339	0.17412029338081902	0.1986265886731706	0.11562280507895593	0.08990314286082815	0.20469905999234492	0.19149071785403543	0.1735296776103901	0.1320235773960086	0.10226372801064744	0.1408623666647604	0.1708158803432895	0.2029543581255829	0.20211381642850582	0.09895481320568074	0.09120417013532059	0.096678692871514	0.079023328143841	0.08612117627232761	0.10066755421273263	0.08270477574291218	0.08414879486653838	0.07660701122536753	0.09494298964000805	0.07944874902052958	0.0796578898707742	0.10903249391322936	0.08926823604681179	0.13897580704180326	0.11567033166161084	0.11469422929979609	0.12858577292535284	0.1234308971656336	0.1093522429065309	0.08785678836414963	0.0842193016015118	0.07564313346968728	0.10213379385127434	0.10285075409347645	0.12412600975524113	0.10411649062246864	0.08748920548384453	0.07812081289390385	0.07912582986272615	0.08681322840045082	0.08707894366376878	0.10747002990226771	0.10064768419951423	0.08182105196060369	0.14394648548004021	0.09563451430970055	0.08825864094461655	0.18033577733402034	0.08714769053301169	0.12502860893380635	0.1478276721205488	0.1401074347743239	0.08379791886714727	0.11064167559145166	0.10083846463538562	0.14142978423624503	0.13001965035737292	0.10777672359212816	0.12063053814117125	0.09731316447560046	0.11593979580129626	0.107694003097582	0.12312101726749411	0.1227338074924581	0.09809764459104464	0.08436256506676075	0.10126962761956143	0.09734001507828283	0.0958958897530828	0.10777312383324644	0.07579146930922101	0.05992400225769918	0.07762678034789196	0.10529603697287594	0.1216707553454846	0.10224273874710657	0.11809009691268406	0.11307203726271181	0.08784549980139778	0.1019448552391236	0.1160165599504598	0.11008807076315409	0.09345952513239565	0.06995436556760028	0.082746118981896
CM009	0.07890095233716353	0.0	0.07477881589380145	0.06856877869288318	0.14099140935895146	0.11620263349699264	0.13835334252883666	0.11097159830326869	0.1457607531615206	0.12698795928581627	0.12322674168990162	0.2220418740166128	0.19934021715592273	0.1673527348685907	0.133609749041193	0.20013632919611385	0.18492011364743355	0.17087328426788356	0.1528571068180653	0.1560899224006036	0.19262104487816023	0.222387092907671	0.19691867135815028	0.20026286056847292	0.12405616787053057	0.1259188029496235	0.09687622455353788	0.10193633660621593	0.09505556410412298	0.10334079416516784	0.09429242672121065	0.09035748209853199	0.11156349879466061	0.10420467414386517	0.12996520078587578	0.1288338804192744	0.13379391236153979	0.11309256402672431	0.1639557294446477	0.14382658757259842	0.15220900427059947	0.1527971366023634	0.17287975006218015	0.13885097315162495	0.09246428650820886	0.12294474967262477	0.10670786833649279	0.09773450486982098	0.07663196556472106	0.09523141344515576	0.07781276370657496	0.13220488975108516	0.11233430403355792	0.10702918096705395	0.12522503968814264	0.12229338805379288	0.11435063441353654	0.09247011027973331	0.12732567126419264	0.14466983579861364	0.08548070455217073	0.1367128356516496	0.18737760459890984	0.08074199846340505	0.14972870387747278	0.14746926837541974	0.10164118816644481	0.10137526275713384	0.08020320834909594	0.15179559314635624	0.10028115934642669	0.08782555668486511	0.06964001393714975	0.08253512031434534	0.07216375936025503	0.08137526914154333	0.08075206432730839	0.08465199984995729	0.08473983325093758	0.07203566138351825	0.09778774300602515	0.06908976458463198	0.0865375603182698	0.09844162173916186	0.06774685022066795	0.09728505395504078	0.10181049161018846	0.10200163272967606	0.06634151681799844	0.10954554740871687	0.0837819337266123	0.0741356825876386	0.10227219666333051	0.10864069433584547	0.1337356545518594	0.15456295046678278	0.13385293062655443	0.10092850820473853	0.09710724480485355	0.13345148017789685
CM021	0.0530327881883257	0.07477881589380145	0.0	0.04209800212694471	0.12680680215190884	0.09962553986612466	0.12402577381281904	0.10859618515687512	0.11042910097387605	0.09243402151249731	0.09950959077350974	0.19784214596238647	0.1884471607725415	0.13776552162184696	0.1144371104465415	0.19676905853145196	0.18029188980038427	0.16277288449684382	0.1206875366981818	0.1258655616724582	0.16150852523858544	0.19133747921385436	0.19050670704241515	0.18955691993136797	0.08383331180631935	0.09310640839126559	0.07122255692793511	0.07150742169924479	0.06591437779084112	0.07421439228617235	0.06024173601278027	0.0589617849774649	0.07810154275314025	0.06904034987799242	0.08269690850740744	0.08407828662895524	0.12375506290186764	0.1024720897624605	0.14602563764077187	0.11836296764855186	0.11847089620348661	0.1352006862689435	0.13624952551104672	0.1166564169976575	0.07317664609518809	0.0867416111472988	0.08652483789173235	0.07120217549871545	0.07917554151107092	0.09822570853538061	0.07894328808205585	0.08769972200006909	0.07796213074682969	0.0797636116768964	0.08423177402434952	0.08757449502676033	0.08587617030094276	0.06969464504969973	0.08432247279154857	0.14181987843287713	0.06755016545665093	0.10179363748989903	0.1646036881476708	0.06684172781256127	0.12597364589201307	0.14157969596664866	0.11502232612979378	0.09199929698447906	0.0879548472602352	0.12086842425063149	0.1287632847099499	0.11597475993302991	0.09161859509489041	0.11112393580436954	0.07093782198907829	0.0964627243837749	0.08023112636033339	0.10060980400270343	0.10245076618879863	0.07164607861024873	0.09567353587266272	0.08075235905802972	0.07258375013966396	0.09117671122208654	0.09291656338713056	0.050104871048659766	0.05296836538330678	0.061921371361544866	0.08199849158875745	0.10657265217634605	0.08986177883116231	0.10325642105217635	0.10508944537855543	0.08551772197782946	0.11841374806370743	0.13040733479155447	0.12293650917429981	0.07987825026844111	0.05061838312569304	0.10415407809047587
CM025	0.07211360153013865	0.06856877869288318	0.04209800212694471	0.0	0.13995207163391768	0.10660064929782374	0.13926599478851184	0.11684417707107839	0.13369151528877865	0.11766570034833157	0.10291847086686612	0.2168929498707894	0.19764754829952122	0.160934539876897	0.13285758519881155	0.20408276445509413	0.18943818427510717	0.171470408329961	0.14226622315890616	0.14473709314182356	0.18147119117937432	0.21393718521806174	0.20272688304505404	0.20196025594411343	0.1100395312155659	0.12015562937203747	0.07852233556710635	0.08075170675788383	0.08354495078029822	0.08734442047806701	0.07587162268434038	0.06921561240793879	0.08831697038077224	0.07904549790346692	0.10223081718292214	0.10486672969213136	0.1335564515016583	0.11372961378233908	0.14712332693825408	0.12645650123332908	0.12569123348037994	0.13174961312628475	0.14290451345738545	0.1198887384224544	0.08112746636703116	0.09411886219494449	0.09052057856804838	0.07582616497923067	0.07591453371378558	0.09641912048101561	0.07581129796264122	0.09722903779423231	0.08299015185666454	0.07991557635182421	0.0895476785484664	0.09036247604968371	0.08956407320279258	0.07044460978910318	0.09430295713170644	0.15125875514312964	0.06638889057266618	0.10881625457464734	0.17175487565210656	0.06749187837064287	0.14753467645776433	0.15171047450715902	0.10586506369623111	0.09773143084523779	0.07799703378867011	0.14368551434654814	0.12213341046693084	0.10923813820341667	0.08505763035920438	0.10680620346914105	0.06521910022037154	0.09216201101247644	0.07287120029272984	0.09348421017226209	0.09716950985748506	0.06330629390543782	0.08952177484150678	0.0656624068475677	0.060613697091453776	0.0855068645975988	0.08012816289482984	0.05599363638774336	0.06968677771599419	0.06794471290392357	0.06874877444954809	0.11769828158168519	0.09359259564868168	0.09523118451869711	0.11333459108544751	0.07893138061663525	0.11646877455983187	0.12903319148114742	0.1200981942577369	0.08394539062497075	0.0642526867608368	0.12082323244071044
CM039	0.09676840181657712	0.14099140935895146	0.12680680215190884	0.13995207163391768	0.0	0.06244848886551606	0.10253466986074614	0.15005690319478798	0.1107548306121171	0.11483122168585355	0.1353718386401981	0.15405831342401205	0.19685912953457302	0.10815917538765944	0.09962129407319402	0.2061551963125109	0.1944798462921708	0.1799447904992373	0.14279630772744956	0.08454617027256144	0.11420783959049463	0.14381148540243222	0.21900755578769543	0.22192676238940626	0.16123615449873527	0.1461849584625939	0.16410069046932854	0.1457129155348853	0.15153429016276446	0.1610071456631002	0.15004070961820165	0.15016031477869932	0.1320613956594177	0.1563974661134686	0.12920805595798826	0.1200004681918465	0.1139632955478047	0.12136589194941193	0.1701302975818316	0.14818358353413144	0.1480102562275106	0.15559556043829997	0.13853477703150482	0.13889981164611007	0.1502278224167136	0.12824161179221738	0.11290693129488849	0.173020765848237	0.17187128259779094	0.19470720134817257	0.17253426105125688	0.12725814794184737	0.13759828701654706	0.14297138176927798	0.15036220002679013	0.1462474172846725	0.17537121466213176	0.16391666331537103	0.11990377860980853	0.15196293349706505	0.15739234788683626	0.10812639112842812	0.2102177095904319	0.148538026167845	0.14535681889698593	0.16612902562403903	0.18314535645344987	0.12831861412149503	0.15210430419772258	0.1263315726757952	0.1881594495942931	0.1833353309974699	0.15672101301036845	0.17431708633070933	0.1647596158481451	0.17775242432183352	0.17363740430395977	0.18063206413426378	0.1724622501576112	0.16162787066538775	0.10783683448269765	0.15755954730557967	0.1503326207624004	0.13662665726917086	0.1590341520491209	0.1354270461635576	0.1149472785321169	0.1207166932739446	0.15556662618725436	0.1438504049724719	0.1462258602973981	0.16642687583506682	0.13712964388567855	0.13413568724518204	0.09808857365501074	0.10410711325641592	0.11382954153997961	0.1270531991207207	0.11926757377839635	0.09092266042581046
CM040	0.07628145846821323	0.11620263349699264	0.09962553986612466	0.10660064929782374	0.06244848886551606	0.0	0.09740080851712396	0.16167081041395637	0.11345258233628899	0.12022359050152699	0.09547769823674807	0.19847234824477217	0.24651394122851014	0.13324234347230168	0.11433694394335564	0.2528526672811732	0.24025158841713504	0.22350597621269486	0.18125634181880917	0.11401776172578101	0.15590495979178817	0.18469807399518295	0.2543178480913976	0.2543605708723076	0.15111613457831297	0.1414067117893027	0.12834811569460433	0.11156258449714951	0.12104091556499896	0.13013458610446602	0.11558053403996074	0.11527125695307891	0.09568929577507362	0.1358165000650968	0.12399519093942915	0.12169355744197365	0.10689635841803889	0.10464143699497308	0.12981917448493913	0.1108859930981324	0.11208699184529494	0.11510366938172495	0.11995424410643038	0.09873933785285292	0.11803423528658817	0.08957739978481913	0.07683348824275306	0.13181079365894238	0.13647315527192105	0.15954166016998145	0.13876492539395407	0.09344534720409235	0.09874994001352744	0.10221802177078115	0.11263087214912855	0.10760457179426786	0.13525142990763103	0.1239941219475488	0.10570275412946185	0.18404891515880215	0.11781000996068539	0.09001103584121083	0.2143752128601235	0.13016464752745005	0.16560922327573596	0.18611109158774453	0.16535639358752974	0.10924166448933728	0.1372763527962257	0.12527750964740234	0.17461091015453264	0.16412808210677626	0.13842733545116945	0.157453772390019	0.13420118474753034	0.15235435513264842	0.1429844382770355	0.15831170239114184	0.15615784977867245	0.1335933794199507	0.0846673971835534	0.12616632551505305	0.11646341400213739	0.10185618499287959	0.13198245122819052	0.10998307956704129	0.09978299333440109	0.11584522606781018	0.13054996408578456	0.16587407270028057	0.1386091726697828	0.14414005561401252	0.15685974693627533	0.09153426987761175	0.06689611423576902	0.08013355662603881	0.07186158266676089	0.09854763410859735	0.10803081836565287	0.09836606823939893
CM068	0.09872863982415452	0.13835334252883666	0.12402577381281904	0.13926599478851184	0.10253466986074614	0.09740080851712396	0.0	0.1352532986442052	0.07050145028849415	0.11080180313189426	0.11120076030818349	0.17952325712852238	0.2190885756117904	0.09045338721664747	0.08827292198483727	0.23138601020578486	0.21351925389502138	0.20242656410524001	0.16603369551475963	0.10014486086707677	0.1316651719510581	0.11931822195958905	0.23691735711892503	0.24305009735896524	0.1459461479400668	0.1345197455677454	0.1360019010706578	0.12468195144048985	0.12735045972073622	0.13948936025193442	0.12562866212855087	0.12466670866808476	0.11066628881215099	0.14338875551877844	0.13213840228832188	0.13007654615452743	0.07862222489860192	0.08853746434871722	0.100534497662335	0.08877202778120641	0.07733565571922935	0.09524428177762678	0.08510065314503322	0.08277383589296441	0.11539140700031822	0.10399870758907537	0.08133050897021687	0.14807613628929822	0.1389257809657386	0.16435520073348395	0.14375696454755582	0.10257186906536207	0.11921326584831277	0.12538439803885806	0.13335012967271143	0.12662347850531386	0.1520071694114953	0.14774564189223557	0.1260814548040011	0.18370041183825386	0.1451654268783648	0.08903010289458868	0.21930924521927445	0.1317068835956993	0.17043567660491843	0.18927901441267417	0.15120993715025716	0.09928994102234112	0.12418691982215262	0.08582990883490293	0.16023087970685684	0.15107533744786505	0.12764687072573722	0.1403602511497835	0.14305636621425527	0.14917849656167328	0.15044822640205766	0.1509443015423129	0.15024262749612222	0.14415802473834766	0.1144546422316803	0.14801441254313497	0.15053430665688472	0.13269950425154559	0.1478988916823842	0.12912600456840279	0.1103939421956573	0.1186714681272317	0.14198487787681865	0.14943539793026267	0.12638953723237392	0.14243472189983322	0.14637052020572983	0.13733773332288104	0.11301052629902326	0.1174112474267949	0.12184526246840342	0.14165528675421368	0.11854565476557193	0.0701220350332959
CM078	0.11921088606968837	0.11097159830326869	0.10859618515687512	0.11684417707107839	0.15005690319478798	0.16167081041395637	0.1352532986442052	0.0	0.11892147967452614	0.10343279256046296	0.1626668058369065	0.1872504541091851	0.13822429698505848	0.12647231885953888	0.09193456363227534	0.1408048021834703	0.11211169144340379	0.11828791307942835	0.10937016205305454	0.11831528828687393	0.14634787932842058	0.1801241583426456	0.12670013953141207	0.1358732495494556	0.08231644923465826	0.08290198163557595	0.11583469558769145	0.12211071054569092	0.09097760196788703	0.11376251609743306	0.0967980928016044	0.10727954510265102	0.1282348031674562	0.09541046725512313	0.10874466845025661	0.10309246852294945	0.13348371163671344	0.11801744309506622	0.2113099437059555	0.1650925487032337	0.17821807547741636	0.19921157766184822	0.1882338151938861	0.18127547646469513	0.10614004292536128	0.15325975671211348	0.1418843305184362	0.12590836493668206	0.0886828348917262	0.09430219558553896	0.08730285628612525	0.16030325651702917	0.1518118478462232	0.1529322001342709	0.14953704825701777	0.15421575044506441	0.14129325024315645	0.14673187441587318	0.14897046470938743	0.13472268602308443	0.140697347995268	0.16504799385510735	0.19535901878829715	0.08441759474539616	0.1481049249502734	0.13364687466807035	0.11083668805847742	0.12786218810481567	0.09705683181976252	0.1483473500538819	0.10733241776917737	0.11053193816435018	0.10551086067102468	0.09102444941981079	0.09389692081795618	0.08780713302011083	0.10249394017974266	0.10740449278690681	0.10385606154740981	0.10179635483269067	0.14931860859576251	0.11255434157727186	0.12749213856122169	0.1523067669347565	0.1223870030356698	0.11026033834211427	0.10354436194930769	0.10280046283709968	0.11320687274554703	0.0756613299021073	0.08424178202654642	0.11881436467423637	0.07801644033424161	0.16170236947377856	0.186260996605767	0.18995657865081236	0.19087187985333595	0.14559297456445774	0.10543345608478995	0.14039347056402973
CM086	0.09199416829780366	0.1457607531615206	0.11042910097387605	0.13369151528877865	0.1107548306121171	0.11345258233628899	0.07050145028849415	0.11892147967452614	0.0	0.08008308730770344	0.11019850483554365	0.15149678352600565	0.1886247951834136	0.060461349577331874	0.06494824945139421	0.19893329124899678	0.1743014517221546	0.1688709499109239	0.13270202538517464	0.08731650176853202	0.10925516095438181	0.11736318736285585	0.19118662813149923	0.19260052548037546	0.10017253754200013	0.08687851652843884	0.11518404297443965	0.1030405929198957	0.10261482010042468	0.1229054023684724	0.10193931271929092	0.10848624588653993	0.10158786901223996	0.11828922695737933	0.09029897311593502	0.08690675280604132	0.09769211463621592	0.10938909144699765	0.12754957391362287	0.0860170200641152	0.09815556182364416	0.11625295698215013	0.10145735653494392	0.09690666443183746	0.1099028545020707	0.10396359406086497	0.08319674030586266	0.13678408131608322	0.12290272547790053	0.14192956549740715	0.12108448545773581	0.0996702799263457	0.1200246185029	0.12608364914776515	0.12182144869962959	0.11877622462474596	0.14064815995617896	0.15015677837576458	0.10872857738850719	0.161217363347157	0.15097886518311	0.0811440574393244	0.20763199061509927	0.11140526212491624	0.14389898985617952	0.1583747717227179	0.1729117509049751	0.12512352794426362	0.1441740317006726	0.054758371254595366	0.1663278224850129	0.16130587565131185	0.14785359244652455	0.14889318093668583	0.12835773005145878	0.13430524389675166	0.14701274624447822	0.15837790393419274	0.16238181494348877	0.13984525948243084	0.14358142041876928	0.1576351293701577	0.15579741167738342	0.15090006540590478	0.16174639701328958	0.11739686375449092	0.09493684923626047	0.10378607485424134	0.1557786022139166	0.12517835410295314	0.141792155034127	0.1685353984322288	0.12563049317295916	0.1494669250589704	0.12949126381939363	0.12366649953454907	0.14194246683940098	0.14436499589606472	0.10877014163315207	0.044555419432111845
CM089	0.08231027786401851	0.12698795928581627	0.09243402151249731	0.11766570034833157	0.11483122168585355	0.12022359050152699	0.11080180313189426	0.10343279256046296	0.08008308730770344	0.0	0.12401553884872721	0.14799710624481885	0.15583607738914518	0.07526674526627472	0.06618000753470009	0.16660325861085537	0.14385580701950826	0.12902398200772297	0.12387111328449057	0.10940784119442752	0.1204154190380588	0.14520696457723373	0.16149856557625294	0.1643628591417786	0.08874152050935291	0.07764619113006502	0.10706000819768274	0.09397491443419272	0.09698469596583396	0.11658832238572288	0.0960155765343928	0.09504344919060478	0.10279066591741007	0.10138499960560096	0.07641265736989812	0.06240243743975705	0.1314808332802911	0.10466336526003417	0.17214364765986662	0.13092715781343528	0.14787108895967355	0.15940946579262935	0.14532837075534444	0.13765364001293454	0.09554680145402215	0.10903426886123621	0.10318332745576672	0.11607081499978238	0.11272765376511608	0.13570166862674418	0.11474231820907388	0.11781380413217128	0.10914502549179586	0.1139781849578531	0.11136281109585983	0.11240927681523012	0.12224452955054767	0.12816480320555163	0.0915993372715618	0.10671536773606125	0.12474322357419751	0.11459772908260166	0.15921158902262925	0.09262474949060175	0.09257964457616566	0.10563309145806274	0.15289240391537073	0.10446422332092037	0.12465197785027685	0.10179352772102253	0.1518475203846587	0.14197394006619138	0.12682578736036093	0.13085908670065718	0.11643979920418153	0.12167072875017837	0.1250922202290985	0.13751495985465428	0.13860209570440044	0.12060514681807799	0.11515639692825343	0.1309452782698149	0.13128314523082854	0.12547600416507654	0.13477807777754855	0.09911054025058377	0.07542253805742369	0.08251314829986814	0.12854849517450403	0.09357961437902879	0.1075708224870224	0.14161905044549544	0.07974360164282429	0.1239067369520687	0.13944862571996217	0.14021518526425952	0.14669040027060634	0.11539932452831947	0.09885749279618737	0.09582710842012193
CM095	0.09748481585096339	0.12322674168990162	0.09950959077350974	0.10291847086686612	0.1353718386401981	0.09547769823674807	0.11120076030818349	0.1626668058369065	0.11019850483554365	0.12401553884872721	0.0	0.2028594060873677	0.24607219145133322	0.13730384442484864	0.10392439242879754	0.2555899359713831	0.23895421064269529	0.22072758010810273	0.17994775680800143	0.12825565886446258	0.16235986160324709	0.1962628090841496	0.2512575241657237	0.2521641449394352	0.1294681200046801	0.13362273291374815	0.07380215065311603	0.0687561549517731	0.08981816709363015	0.0859140305986209	0.08473202872003159	0.08272546164463027	0.05269927681248973	0.10236041477252808	0.10568923571017262	0.11377313160023407	0.09450642469500259	0.08702276337028028	0.07392835304715843	0.056652463317039874	0.08108817661815834	0.06519953266309442	0.11190429797999843	0.056172372029377256	0.08052574139056078	0.04041361433603325	0.05476742438974412	0.0737794949318464	0.09754674571327754	0.11538754771000945	0.10090702872915765	0.050333965496311354	0.058189292581370705	0.05208049168398804	0.06460160075750528	0.057417963556787285	0.07056357470434678	0.07255859857093248	0.08123049842476994	0.203405037827839	0.08372681710718671	0.0819487747601152	0.20241501610379062	0.11479030768274162	0.1820350497125619	0.20308784835285595	0.1286572010293155	0.08564635664095306	0.11091967830176389	0.11103354155172565	0.14252900247511596	0.1252756896057838	0.10489078210293976	0.12189844554518614	0.10256016957556273	0.11708310879904045	0.12038667521320537	0.11595862268263445	0.12399535358321472	0.1150900264064404	0.09634528255729854	0.11383814807419254	0.11927457972552141	0.09160902031907957	0.10809844075088061	0.09822952610035374	0.09823185843596353	0.09873677534737224	0.1147747455348383	0.17081438543289784	0.1313634336102082	0.11173378702231196	0.16241053609624512	0.09223974611291988	0.09292602780766214	0.10700521020220814	0.08624028722090994	0.10554157311541364	0.105296885388215	0.10973706745573028
CM107	0.17412029338081902	0.2220418740166128	0.19784214596238647	0.2168929498707894	0.15405831342401205	0.19847234824477217	0.17952325712852238	0.1872504541091851	0.15149678352600565	0.14799710624481885	0.2028594060873677	0.0	0.10242022159436595	0.1239913340193276	0.14844562484638535	0.11818435330496417	0.10365416622807071	0.1142442515968585	0.1236470113811278	0.11694107335429516	0.08588522841397422	0.14437905781252536	0.14788405933374282	0.15850958526443135	0.1986847207533239	0.17217948601118221	0.22151861781317014	0.20589384683657974	0.20453053922165404	0.21082409975868954	0.20388261879764646	0.20984550709105365	0.18729964098902516	0.222315497341495	0.1880394999375009	0.1691829918734215	0.16684102080483088	0.1804431334649826	0.24856630031540858	0.2161989620164499	0.2157668279651767	0.23872058253118478	0.21904074529018683	0.218163969150287	0.20501368631577946	0.20177707436586115	0.18298259219734123	0.2422697381457737	0.22205948769054898	0.2473793854077671	0.2285912607751306	0.203235468132535	0.21411041704888767	0.21742221779515652	0.2242927740069887	0.22029649978909752	0.2459693207624632	0.24225556236714468	0.19662822566998053	0.14841351685691068	0.24236833614699008	0.19407857438446963	0.22426408548933705	0.21114681682340405	0.1424926565595547	0.16318431513177578	0.24186140962010347	0.19718213893518183	0.2208866360180335	0.1813770279154966	0.2523350994906564	0.2478978509240181	0.22341444188596332	0.2338502462673398	0.22616805582405408	0.23195234756893782	0.23855671886514804	0.24759047322194766	0.23915476542744452	0.22790297375619664	0.21505578400023936	0.23775271375927967	0.2445021400436965	0.23586102822503655	0.24532009668153132	0.20284257490455146	0.18174907920677694	0.18489850931908586	0.23541379313970937	0.18980339278298805	0.2212470633646119	0.24893625914780645	0.17991080018982297	0.2363921595704786	0.21868215539923674	0.221149639726815	0.22856260682667084	0.22966948393762696	0.17851952125597423	0.1533665556042888
CM110	0.1986265886731706	0.19934021715592273	0.1884471607725415	0.19764754829952122	0.19685912953457302	0.24651394122851014	0.2190885756117904	0.13822429698505848	0.1886247951834136	0.15583607738914518	0.24607219145133322	0.10242022159436595	0.0	0.15752248172366184	0.17550214141609038	0.05371437537145132	0.055655901157922155	0.05943078696718265	0.10206366155440401	0.15923200807290003	0.12641847429326558	0.1956491108726072	0.10156750544811942	0.1099024949100775	0.18210256561785296	0.17231005667088112	0.2102098295452606	0.20923854148899187	0.18545231676487775	0.19506443782118718	0.1903019872966383	0.1931876713783576	0.20964991287885856	0.1979328236135791	0.19625897353477012	0.1716739535032994	0.20588181862712757	0.20436530979807796	0.29454838238900316	0.25164508337836056	0.25969854457521674	0.2862197970877717	0.2664594914321273	0.26560948665105827	0.1957092367869271	0.2404652300235503	0.22516411047702273	0.22029903590612615	0.1826318603077536	0.20553454232749147	0.18633738378016668	0.2453025839430457	0.23851563134630283	0.24079398128770158	0.23903184580077536	0.24217321080777723	0.23798526874380635	0.2351963311584142	0.22136488917831615	0.1337167139940179	0.22835243241550765	0.23839879656368873	0.21452756914842225	0.17303662782037493	0.14905420020222787	0.14238058639518472	0.2039328694845275	0.21090775271186307	0.18340252611578695	0.21945911328219284	0.20819941281185778	0.2080305484726645	0.19104792182888966	0.19053014627443626	0.18464927915635793	0.1911212714988681	0.19971215412987317	0.20419367650138343	0.1954677406127543	0.19291264580539705	0.23150537901890314	0.20686942090391167	0.21283035505195314	0.23846223039028078	0.21628436461868922	0.19102118543961202	0.18102155840406073	0.17794068836782287	0.20435892346441367	0.13255022208651898	0.17914528326370302	0.21660195526176843	0.14136581096435763	0.2472717069800421	0.2665499911467821	0.26839463183035767	0.2754250428307451	0.23105217027104527	0.1708001022215667	0.199765456169362
CM113	0.11562280507895593	0.1673527348685907	0.13776552162184696	0.160934539876897	0.10815917538765944	0.13324234347230168	0.09045338721664747	0.12647231885953888	0.060461349577331874	0.07526674526627472	0.13730384442484864	0.1239913340193276	0.15752248172366184	0.0	0.06942949050824422	0.16698527806488073	0.14842685071649553	0.12910223960154626	0.1321431341205606	0.0925526786516424	0.09044808469718757	0.10099199959911087	0.1745595470863373	0.17988383643365977	0.12855088778507956	0.11547657759439954	0.14920720276271113	0.13623250972523862	0.130186808349448	0.14823680892003752	0.1319763951889581	0.1385187146696037	0.12194111149955886	0.14609269140284967	0.11084597262741282	0.09700525272067136	0.10365561484494829	0.1229142804683901	0.1588880182637992	0.11842730189738461	0.1281137913470421	0.1500350132776219	0.1329014843624989	0.12959151393712484	0.14003741706852565	0.128705754039752	0.10731772023213187	0.162001849114119	0.15195996726188318	0.17432091485825846	0.15390510008248565	0.12624381859301953	0.14726445847564418	0.15085022622243	0.14771624368022113	0.14531768524756794	0.1663515952891451	0.17786373702851005	0.13292220172691127	0.12639763046890332	0.17462965381166345	0.10488575557908748	0.19704645315145822	0.14217553312348516	0.11753250292324771	0.13052590272488612	0.18785252568521807	0.1413758873307219	0.16002771465067925	0.08655728415533853	0.1850027251981253	0.179241117671012	0.16816179164455097	0.1651865608464374	0.15669735791569936	0.1614794480755102	0.17076961344720482	0.17665841799315568	0.17218567907122223	0.16293889671018544	0.15225774359562178	0.1734982094619255	0.1784499942764704	0.17254947744597432	0.1841315053411766	0.1420852028688159	0.11754939031274686	0.12189378476850456	0.1683463082458569	0.1266298550612021	0.14926996990212338	0.18216215355638826	0.11349596092746915	0.1701918026081392	0.15206561477090155	0.14198550381889305	0.1645069342148743	0.16671422117112109	0.12761528708923714	0.07758508433783536
CM117	0.08990314286082815	0.133609749041193	0.1144371104465415	0.13285758519881155	0.09962129407319402	0.11433694394335564	0.08827292198483727	0.09193456363227534	0.06494824945139421	0.06618000753470009	0.10392439242879754	0.14844562484638535	0.17550214141609038	0.06942949050824422	0.0	0.18274524843600692	0.15969696173027845	0.14761209187618868	0.12874787413565394	0.09586095282031767	0.1144275293937821	0.14622749392491285	0.1772734715331956	0.18329912726136605	0.08538054298773809	0.07874541951009692	0.110470881197177	0.09659292658626974	0.10205705349306467	0.12982008641888335	0.10395539221151068	0.11012481455958335	0.09557327063411547	0.09775591475014507	0.07302666575898761	0.07996108664549981	0.10906985416675662	0.09494938945026381	0.15214925585314348	0.11224937966932547	0.13074997048902778	0.14150540427201883	0.12768692565196388	0.12142865302160218	0.10164728916203708	0.09438319158848094	0.08850484429335381	0.1221721261839213	0.12297484750839568	0.13399466514722436	0.11677888609704165	0.10247718594512677	0.10887376492878224	0.11285495730394517	0.10961576393534705	0.10638679800176018	0.12421434949597326	0.13723930404082044	0.09815050851087169	0.14199803364571445	0.13589870214715302	0.09964363301028066	0.18581670191630348	0.10344552290698947	0.13260057293618918	0.14261784336544067	0.14953569194115118	0.1033208478011431	0.1257334645999014	0.07987149217439735	0.13979086300613333	0.1339422592567332	0.12451038460642458	0.12131585941856836	0.12947925867443533	0.1213635511792921	0.13793894543639448	0.13814034343859413	0.13809417961670273	0.1320224259405497	0.11454707647355884	0.14767848233878117	0.14540566144521735	0.13432763284363408	0.1422423723355364	0.11183201026944359	0.09416556535165405	0.0903272000136476	0.13468344307740246	0.10195485498554144	0.1076757215189299	0.13653214302430375	0.09102170072042907	0.13215551711467016	0.12195589239546277	0.12395953579789303	0.1290416392413235	0.12324603599016931	0.1145558683219063	0.08905727780444748
CM118	0.20469905999234492	0.20013632919611385	0.19676905853145196	0.20408276445509413	0.2061551963125109	0.2528526672811732	0.23138601020578486	0.1408048021834703	0.19893329124899678	0.16660325861085537	0.2555899359713831	0.11818435330496417	0.05371437537145132	0.16698527806488073	0.18274524843600692	0.0	0.06889493748349199	0.06723083147279026	0.11703259398293961	0.1749211647563384	0.14298343603694966	0.2147993902787791	0.09615593565861294	0.10807880955414052	0.19382077923656113	0.1837768941957429	0.2167941323725264	0.21584241537176582	0.19616688274349178	0.20543743313944926	0.19945554180562663	0.20429316748108114	0.2191579916385658	0.203310119300549	0.203532230797382	0.1805877344797049	0.22196231251076415	0.21749958702911118	0.3046128738037922	0.26197208939860245	0.27012235985115435	0.29657427956948856	0.27774639808885826	0.2748691370416997	0.20572646064296865	0.2500452371660149	0.23668810654315997	0.2278911838248718	0.18833441406812595	0.19391610911929089	0.19471449848879463	0.25529706253695744	0.24857609954922094	0.24940351322695897	0.24761397032986	0.25077963902736145	0.24519487798172057	0.24378049427119566	0.23307716120177913	0.13656788362792602	0.23698463797043373	0.24694573500351105	0.22228785800980636	0.18109492572485025	0.15302736068958048	0.1440428256792097	0.21216413281661978	0.223883507072788	0.19677966116755682	0.22720760425286637	0.19678206807103177	0.19450376092069635	0.1997421836781385	0.18560173792952148	0.1873248261620744	0.17983910790694227	0.19068802377869684	0.1945023818791255	0.186635338838542	0.1811675964029288	0.23619961510899037	0.1946307332267345	0.2210512270417206	0.24813643216223036	0.21146691096810277	0.20139495491980974	0.19060565781970126	0.18610327737385446	0.19140948963924279	0.1292100895945827	0.1703258098686519	0.20760372461679294	0.13811114190785054	0.253237156639313	0.2724483966413597	0.2758592187126884	0.2827585667393453	0.23653083195094235	0.1813564266347348	0.21251091577908696
CM126	0.19149071785403543	0.18492011364743355	0.18029188980038427	0.18943818427510717	0.1944798462921708	0.24025158841713504	0.21351925389502138	0.11211169144340379	0.1743014517221546	0.14385580701950826	0.23895421064269529	0.10365416622807071	0.055655901157922155	0.14842685071649553	0.15969696173027845	0.06889493748349199	0.0	0.05212727696721647	0.09852274664361946	0.15313036791331447	0.12031391577639788	0.18297542574787126	0.08264368040657966	0.09584381274542143	0.1607722211143538	0.14802805991174767	0.19430983483966413	0.19676814110545554	0.17082259921059262	0.1857356091564776	0.176450263616207	0.18432399181485798	0.20489083822094742	0.18134589694080958	0.18120460813203387	0.15797624666787174	0.19822115763936726	0.19328586630088207	0.2881307197111991	0.2416320674588647	0.2555133061749095	0.2787238951330859	0.264227579262428	0.25905158098504366	0.18546482839461548	0.234361920555334	0.21961886916848788	0.2095811431645751	0.16962285826908108	0.1818763258970448	0.16907012059722404	0.2376466439919342	0.2307751738207317	0.23300167117919612	0.22928769301453636	0.2332552390111479	0.22394198782052588	0.22725030401559818	0.21533991128025973	0.12430200845367151	0.22179795155232787	0.23474423877740577	0.2122997240421229	0.16018386066831816	0.1417536597744056	0.130829555379755	0.18659210825117892	0.2027717306616632	0.17661431248723986	0.20477058175198287	0.18933248518861448	0.19089622654943153	0.1795538046458701	0.1710935518420921	0.17048594486853788	0.16785072899437095	0.18515312846494736	0.19146970539333116	0.18743734239167154	0.18008889667582562	0.22664761320110746	0.19585281723684542	0.208645174523676	0.23414102494202196	0.2026180145308049	0.18626415510598612	0.17720160244828015	0.1727086387071308	0.19414050072738473	0.11779355363143244	0.16843411931572982	0.2031677201581108	0.12423910682103395	0.2435598307663774	0.2622373429843221	0.26423103174752693	0.2691425700526516	0.223972311909685	0.16610635981869135	0.19276094647689468
CM130	0.1735296776103901	0.17087328426788356	0.16277288449684382	0.171470408329961	0.1799447904992373	0.22350597621269486	0.20242656410524001	0.11828791307942835	0.1688709499109239	0.12902398200772297	0.22072758010810273	0.1142442515968585	0.05943078696718265	0.12910223960154626	0.14761209187618868	0.06723083147279026	0.05212727696721647	0.0	0.10752193560578525	0.15409083829648193	0.12424390674865224	0.18301118116212542	0.10240294633648941	0.11318070357240434	0.15714347891317063	0.15074747727807403	0.18356633894458513	0.1839923752562639	0.1626974744951633	0.17589181086081662	0.16672303080799064	0.17103354848224855	0.187940489207811	0.16896633146862167	0.16928005126689893	0.1494388018633864	0.19345593973461492	0.18738157660727717	0.270449832640632	0.23033945707139786	0.23917142865937796	0.2604155652088235	0.24403926175770926	0.24048326460653457	0.1734534468570575	0.21223863034814353	0.2023242500179393	0.190918369423467	0.15639232854926635	0.17916417388278352	0.1621842930915823	0.21826156868478402	0.21287428893616508	0.21143242852932204	0.20980020044954467	0.2130072341921848	0.20792280443387529	0.20729694831151965	0.198135747463792	0.10643718086386131	0.19999332256872834	0.21399081042902682	0.1945695576082946	0.1489229514945545	0.12211594015908632	0.11239491709263871	0.17922302141603813	0.19188477625981687	0.16229016142059513	0.1941513348749185	0.18364323023158413	0.1808857992799842	0.17013042819277097	0.16652900010026891	0.16043587388737102	0.16485595297222344	0.17458306562821937	0.17942249381488112	0.1717173975124587	0.16627979433260678	0.20684748093291386	0.1787256723448236	0.18837560788135618	0.215830815982439	0.19048400681995245	0.17069415838079996	0.1586626329259609	0.15395685354204997	0.17481917402870417	0.10687188971972184	0.15005386781085742	0.18789403984195413	0.10867130377900831	0.2188520881811972	0.2428018310818605	0.24171607919377275	0.25220293561930757	0.2014588368740892	0.1541084740914534	0.186215506731905
CM145	0.1320235773960086	0.1528571068180653	0.1206875366981818	0.14226622315890616	0.14279630772744956	0.18125634181880917	0.16603369551475963	0.10937016205305454	0.13270202538517464	0.12387111328449057	0.17994775680800143	0.1236470113811278	0.10206366155440401	0.1321431341205606	0.12874787413565394	0.11703259398293961	0.09852274664361946	0.10752193560578525	0.0	0.08796076918131826	0.08023253967346372	0.15629623278476543	0.1068186056637653	0.11509961086167325	0.12021055562869627	0.10591791319233568	0.14650853802855823	0.14575977826446196	0.12253949443832923	0.12875608445221365	0.12567930249753984	0.1299435431934612	0.14445616182791438	0.14160834030742642	0.13614840933284594	0.11898530962300055	0.15037938373576892	0.14142734489010908	0.22713541718689542	0.18826361482046503	0.1947082259431124	0.2194059758897039	0.20555916963204537	0.19979661756250586	0.13238886817824633	0.17711544364115625	0.1646510660834497	0.16075583241494984	0.1408585774681474	0.1624215687524601	0.1444398458568483	0.18012956465719243	0.17279856984567207	0.17615255989012438	0.1740081647731743	0.17659575076036726	0.17410554363166336	0.16968861317206968	0.1603765073361804	0.126646531946032	0.1700945139957836	0.17881565390327808	0.20460215300222906	0.13168272718220642	0.12924944461973714	0.14110904493124474	0.168859984588127	0.1542363777268596	0.14463145542460826	0.1588144800195913	0.17569942539995498	0.16933825440297373	0.15121522464946446	0.15621959891731677	0.13945855317956474	0.15007461689500232	0.15882998184793345	0.1665854898723827	0.16251390640344698	0.14956952422509034	0.1710275967959263	0.16309935068988343	0.17035668971752682	0.17849962531483293	0.17546536116317757	0.12346050731021001	0.11669833221910757	0.1139322970402991	0.16618548776370068	0.1261236162640202	0.15183651091124473	0.1798512806211417	0.12599242676000674	0.18565812909774027	0.20602429172799816	0.20782159158878338	0.21403668419644178	0.16714456402183736	0.10418080984273928	0.13947009350552927
CM153	0.10226372801064744	0.1560899224006036	0.1258655616724582	0.14473709314182356	0.08454617027256144	0.11401776172578101	0.10014486086707677	0.11831528828687393	0.08731650176853202	0.10940784119442752	0.12825565886446258	0.11694107335429516	0.15923200807290003	0.0925526786516424	0.09586095282031767	0.1749211647563384	0.15313036791331447	0.15409083829648193	0.08796076918131826	0.0	0.056471850984296065	0.10137864311761746	0.16425930878146797	0.1651571705190593	0.13298020687082848	0.11131460018695857	0.1485858682401146	0.13280875881969972	0.12747498262988669	0.13466411119468324	0.12754642769136762	0.1338610862734108	0.11128368438099792	0.1521800652415406	0.12279949641306688	0.10889532250394088	0.08704864876467608	0.10119099469050875	0.16672492917147205	0.13465439700490006	0.13124519502476714	0.15712719399919395	0.1398749720229728	0.13767357253333548	0.1288826785590455	0.1268682882146541	0.10471593961650233	0.1692740427904117	0.14773356509482308	0.17320187712113863	0.15381541385628847	0.12439151879163869	0.13962150127536507	0.14274335005642358	0.14893608787290327	0.1456897784941926	0.17184446838452994	0.16851032549979564	0.12759282801143035	0.1435132810528066	0.16831190316913158	0.12010963753667595	0.217501347090848	0.14076186833025633	0.13505759909657922	0.1544228948561593	0.17292715254675536	0.12364035867648197	0.14655390106129526	0.11825404702337497	0.1882843665302646	0.1810054870022395	0.15446353586570422	0.16828058231089846	0.14900852781772053	0.16234860322642714	0.16587565641853322	0.1771642470185678	0.17223311926101234	0.15426408913722803	0.1401338404143984	0.16204136137582822	0.1686909895945254	0.1595642271219134	0.17471948877259103	0.12221496097879753	0.10348189070933901	0.11020828350950965	0.16485949588346152	0.14360260491517904	0.15814201692947472	0.17995673962528536	0.14331698948751356	0.16063150213477978	0.14145152390388388	0.14357534225025761	0.15119399748896462	0.15855635745852675	0.1017172192231825	0.08566303349564329
